# R script for Peak Model
#  -- generated by MACS
p <- c(0.009189862560499928,0.011232054240611024,0.012253150080666571,0.014295341760777666,0.014295341760777666,0.015316437600833213,0.01633753344088876,0.01633753344088876,0.014295341760777666,0.014295341760777666,0.009189862560499928,0.00816876672044438,0.007147670880388833,0.005105479200277738,0.005105479200277738,0.005105479200277738,0.00408438336022219,0.00408438336022219,0.005105479200277738,0.006126575040333286,0.007147670880388833,0.007147670880388833,0.00816876672044438,0.009189862560499928,0.010210958400555477,0.010210958400555477,0.011232054240611024,0.013274245920722119,0.012253150080666571,0.011232054240611024,0.010210958400555477,0.012253150080666571,0.012253150080666571,0.013274245920722119,0.013274245920722119,0.012253150080666571,0.011232054240611024,0.009189862560499928,0.010210958400555477,0.011232054240611024,0.012253150080666571,0.009189862560499928,0.009189862560499928,0.00816876672044438,0.007147670880388833,0.00816876672044438,0.007147670880388833,0.00816876672044438,0.00816876672044438,0.006126575040333286,0.007147670880388833,0.009189862560499928,0.009189862560499928,0.009189862560499928,0.010210958400555477,0.009189862560499928,0.011232054240611024,0.012253150080666571,0.011232054240611024,0.011232054240611024,0.009189862560499928,0.00816876672044438,0.007147670880388833,0.006126575040333286,0.006126575040333286,0.006126575040333286,0.005105479200277738,0.003063287520166643,0.003063287520166643,0.00408438336022219,0.005105479200277738,0.00408438336022219,0.00408438336022219,0.005105479200277738,0.005105479200277738,0.005105479200277738,0.00408438336022219,0.005105479200277738,0.005105479200277738,0.00408438336022219,0.003063287520166643,0.003063287520166643,0.003063287520166643,0.00408438336022219,0.005105479200277738,0.005105479200277738,0.005105479200277738,0.005105479200277738,0.006126575040333286,0.007147670880388833,0.007147670880388833,0.00816876672044438,0.00816876672044438,0.006126575040333286,0.00408438336022219,0.00408438336022219,0.00408438336022219,0.003063287520166643,0.005105479200277738,0.00408438336022219,0.005105479200277738,0.007147670880388833,0.007147670880388833,0.007147670880388833,0.007147670880388833,0.00816876672044438,0.00816876672044438,0.010210958400555477,0.009189862560499928,0.009189862560499928,0.009189862560499928,0.007147670880388833,0.007147670880388833,0.007147670880388833,0.00816876672044438,0.007147670880388833,0.009189862560499928,0.007147670880388833,0.005105479200277738,0.005105479200277738,0.005105479200277738,0.005105479200277738,0.006126575040333286,0.006126575040333286,0.005105479200277738,0.005105479200277738,0.00408438336022219,0.006126575040333286,0.00816876672044438,0.00816876672044438,0.007147670880388833,0.009189862560499928,0.00816876672044438,0.009189862560499928,0.009189862560499928,0.009189862560499928,0.00816876672044438,0.007147670880388833,0.006126575040333286,0.006126575040333286,0.006126575040333286,0.003063287520166643,0.003063287520166643,0.002042191680111095,0.002042191680111095,0.002042191680111095,0.002042191680111095,0.0010210958400555476,0.0010210958400555476,0.00408438336022219,0.00408438336022219,0.00408438336022219,0.006126575040333286,0.007147670880388833,0.007147670880388833,0.00816876672044438,0.009189862560499928,0.010210958400555477,0.010210958400555477,0.00816876672044438,0.00816876672044438,0.010210958400555477,0.009189862560499928,0.00816876672044438,0.009189862560499928,0.009189862560499928,0.009189862560499928,0.009189862560499928,0.00816876672044438,0.007147670880388833,0.00816876672044438,0.006126575040333286,0.005105479200277738,0.006126575040333286,0.005105479200277738,0.007147670880388833,0.006126575040333286,0.005105479200277738,0.005105479200277738,0.007147670880388833,0.00816876672044438,0.00816876672044438,0.009189862560499928,0.00816876672044438,0.00816876672044438,0.007147670880388833,0.007147670880388833,0.007147670880388833,0.00816876672044438,0.007147670880388833,0.005105479200277738,0.006126575040333286,0.005105479200277738,0.006126575040333286,0.007147670880388833,0.005105479200277738,0.006126575040333286,0.006126575040333286,0.005105479200277738,0.00408438336022219,0.007147670880388833,0.00816876672044438,0.010210958400555477,0.009189862560499928,0.00816876672044438,0.009189862560499928,0.010210958400555477,0.010210958400555477,0.010210958400555477,0.010210958400555477,0.00816876672044438,0.007147670880388833,0.005105479200277738,0.005105479200277738,0.007147670880388833,0.00816876672044438,0.006126575040333286,0.010210958400555477,0.010210958400555477,0.011232054240611024,0.012253150080666571,0.011232054240611024,0.013274245920722119,0.013274245920722119,0.013274245920722119,0.012253150080666571,0.013274245920722119,0.010210958400555477,0.010210958400555477,0.011232054240611024,0.009189862560499928,0.010210958400555477,0.00816876672044438,0.00816876672044438,0.00816876672044438,0.007147670880388833,0.00816876672044438,0.009189862560499928,0.011232054240611024,0.010210958400555477,0.010210958400555477,0.010210958400555477,0.013274245920722119,0.014295341760777666,0.015316437600833213,0.01735862928094431,0.015316437600833213,0.014295341760777666,0.012253150080666571,0.012253150080666571,0.014295341760777666,0.01633753344088876,0.014295341760777666,0.013274245920722119,0.010210958400555477,0.00816876672044438,0.00816876672044438,0.00816876672044438,0.00816876672044438,0.007147670880388833,0.006126575040333286,0.00408438336022219,0.006126575040333286,0.007147670880388833,0.007147670880388833,0.00816876672044438,0.009189862560499928,0.00816876672044438,0.00816876672044438,0.00816876672044438,0.007147670880388833,0.010210958400555477,0.00816876672044438,0.007147670880388833,0.00816876672044438,0.011232054240611024,0.010210958400555477,0.011232054240611024,0.012253150080666571,0.012253150080666571,0.012253150080666571,0.00816876672044438,0.007147670880388833,0.009189862560499928,0.00816876672044438,0.00408438336022219,0.006126575040333286,0.006126575040333286,0.00816876672044438,0.010210958400555477,0.010210958400555477,0.010210958400555477,0.011232054240611024,0.009189862560499928,0.009189862560499928,0.012253150080666571,0.010210958400555477,0.009189862560499928,0.006126575040333286,0.00408438336022219,0.012253150080666571,0.04594931280249964,0.05922355872322176,0.07556109216411053,0.1031306798456103,0.11538382992627688,0.13682684256744337,0.16643862192905426,0.18481834705005412,0.2123879347315539,0.23280985153266487,0.2205567014519983,0.2338309473727204,0.2440419057732759,0.2511895766536647,0.2624216308942757,0.2624216308942757,0.2440419057732759,0.24710519329344252,0.24506300161333142,0.23893642657299813,0.25016848081360915,0.24302080993322034,0.23280985153266487,0.2205567014519983,0.21340903057160945,0.22157779729205382,0.24199971409316479,0.25629505585394247,0.24914738497355363,0.2552739600138869,0.24914738497355363,0.25629505585394247,0.27773806849510896,0.27569587681499785,0.28488573937549777,0.28488573937549777,0.27365368513488675,0.27161149345477564,0.28284354769538667,0.27569587681499785,0.27569587681499785,0.27773806849510896,0.2614005350542202,0.2624216308942757,0.2532317683337758,0.2511895766536647,0.2511895766536647,0.24506300161333142,0.24302080993322034,0.2624216308942757,0.2726325892948312,0.2705903976147201,0.29918108113627545,0.30122327281638656,0.311434231216942,0.3216451896174975,0.3287928604978863,0.32062409377744194,0.3124553270569976,0.300202176976331,0.29509669777605324,0.2961177936161088,0.2767169726550534,0.2910123144158311,0.2838646435354422,0.2705903976147201,0.2675271100945535,0.2726325892948312,0.2787591643351645,0.2726325892948312,0.25425286417383136,0.24914738497355363,0.24302080993322034,0.23178875569260932,0.24302080993322034,0.25016848081360915,0.24914738497355363,0.25016848081360915,0.257316151693998,0.25833724753405357,0.26854820593460904,0.2705903976147201,0.2624216308942757,0.25629505585394247,0.257316151693998,0.25629505585394247,