# R script for Peak Model
#  -- generated by MACS
p <- c(0.024896742357019285,0.031152846846731825,0.03511079050348873,0.038430356151091305,0.041622246196863014,0.04136689499320127,0.04174992179869388,0.040728516984046934,0.04111154378953954,0.04111154378953954,0.03970711216939999,0.03753662693827523,0.037791978141936966,0.038558031752922176,0.040090138974892595,0.04021781457672346,0.04060084138221606,0.04136689499320127,0.04226062420601735,0.04200527300235561,0.04251597540967909,0.043154353418833426,0.043154353418833426,0.04340970462249517,0.04289900221517169,0.04264365101150996,0.040856192585877804,0.04034549017855433,0.04098386818770867,0.041622246196863014,0.041622246196863014,0.040090138974892595,0.03906873416024565,0.0380473293455987,0.038685707354753046,0.039451760965738256,0.039324085363907385,0.038685707354753046,0.03817500494742957,0.03753662693827523,0.03740895133644436,0.03753662693827523,0.03881338295658391,0.04060084138221606,0.03881338295658391,0.03894105855841478,0.03881338295658391,0.039324085363907385,0.04021781457672346,0.039962463373061724,0.04123921939137041,0.04098386818770867,0.0404731657803852,0.038685707354753046,0.040090138974892595,0.040728516984046934,0.04149457059503214,0.04034549017855433,0.039451760965738256,0.04034549017855433,0.03881338295658391,0.03970711216939999,0.03957943656756912,0.0404731657803852,0.041622246196863014,0.04021781457672346,0.039962463373061724,0.04174992179869388,0.04200527300235561,0.04136689499320127,0.04034549017855433,0.04149457059503214,0.04187759740052475,0.041622246196863014,0.04187759740052475,0.04251597540967909,0.04123921939137041,0.041622246196863014,0.0404731657803852,0.04034549017855433,0.04289900221517169,0.04226062420601735,0.04264365101150996,0.04226062420601735,0.040728516984046934,0.04136689499320127,0.04379273142798777,0.04379273142798777,0.04519716304812732,0.046218567862774264,0.044686460640803845,0.044175758233480376,0.044686460640803845,0.043920407029818635,0.043282029020664296,0.042388299807848216,0.04200527300235561,0.04213294860418648,0.040728516984046934,0.04111154378953954,0.04264365101150996,0.04264365101150996,0.042388299807848216,0.044048082631649506,0.045324838649958184,0.04609089226094339,0.045580189853619925,0.04506948744629645,0.04570786545545079,0.043920407029818635,0.043282029020664296,0.04340970462249517,0.042388299807848216,0.042388299807848216,0.04277132661334082,0.04277132661334082,0.043154353418833426,0.043282029020664296,0.04519716304812732,0.04736764827925208,0.04570786545545079,0.04723997267742121,0.04851672869572989,0.04826137749206815,0.04672927027009773,0.04660159466826687,0.04583554105728166,0.04494181184446558,0.043920407029818635,0.043282029020664296,0.04609089226094339,0.04443110943714211,0.044814136242634715,0.04494181184446558,0.04596321665911253,0.04570786545545079,0.045324838649958184,0.0468569458719286,0.046346243464605134,0.04596321665911253,0.04340970462249517,0.04213294860418648,0.04200527300235561,0.04149457059503214,0.04123921939137041,0.04060084138221606,0.04098386818770867,0.040728516984046934,0.04111154378953954,0.04034549017855433,0.04226062420601735,0.044558785038972974,0.04353738022432603,0.04379273142798777,0.044558785038972974,0.04494181184446558,0.0468569458719286,0.04711229707559034,0.04775067508474468,0.04915510670488423,0.04775067508474468,0.04736764827925208,0.04749532388108294,0.04826137749206815,0.04800602628840642,0.04749532388108294,0.04609089226094339,0.04443110943714211,0.04379273142798777,0.04430343383531124,0.04583554105728166,0.04519716304812732,0.04443110943714211,0.044558785038972974,0.04353738022432603,0.043282029020664296,0.04379273142798777,0.044814136242634715,0.04443110943714211,0.04289900221517169,0.04302667781700256,0.044558785038972974,0.04583554105728166,0.04583554105728166,0.04723997267742121,0.04902743110305336,0.04838905309389902,0.049410457908545966,0.050942565130516385,0.05260234795431767,0.05196396994516333,0.04992116031586944,0.04992116031586944,0.048644404297560756,0.049282782306715095,0.0488997555012225,0.05145326753783986,0.05285769915797941,0.05273002355614854,0.05260234795431767,0.052474672352486804,0.05387910397262635,0.05375142837079548,0.054900508787273296,0.054006779574457216,0.054134455176288086,0.05119791633417812,0.04813370189023729,0.04838905309389902,0.04736764827925208,0.048644404297560756,0.04800602628840642,0.047878350686575546,0.04838905309389902,0.04775067508474468,0.047878350686575546,0.04800602628840642,0.04749532388108294,0.04672927027009773,0.04736764827925208,0.04660159466826687,0.04698462147375947,0.04609089226094339,0.04443110943714211,0.045580189853619925,0.046218567862774264,0.04723997267742121,0.048644404297560756,0.0468569458719286,0.046473919066436,0.04570786545545079,0.04494181184446558,0.046346243464605134,0.04749532388108294,0.04711229707559034,0.04596321665911253,0.04506948744629645,0.04570786545545079,0.045324838649958184,0.045580189853619925,0.04698462147375947,0.04877207989939163,0.04838905309389902,0.049410457908545966,0.04992116031586944,0.050814889528685514,0.051708618741501594,0.05285769915797941,0.05387910397262635,0.05324072596347201,0.05234699675065593,0.05119791633417812,0.05145326753783986,0.05145326753783986,0.04992116031586944,0.04902743110305336,0.04992116031586944,0.04838905309389902,0.05119791633417812,0.05221932114882506,0.05221932114882506,0.05183629434333246,0.052474672352486804,0.05285769915797941,0.054006779574457216,0.05541121119459677,0.055538886796427635,0.05617726480558198,0.05362375276896462,0.05273002355614854,0.05451748198178069,0.05694331841656718,0.054900508787273296,0.05387910397262635,0.05438980637994982,0.054900508787273296,0.054006779574457216,0.05387910397262635,0.055028184389104166,0.055794238000089376,0.054900508787273296,0.05541121119459677,0.05694331841656718,0.05681564281473632,0.056304940407412844,0.05604958920375111,0.05656029161107458,0.056432616009243715,0.05694331841656718,0.05911380364769194,0.05936915485135368,0.05936915485135368,0.061667315684309304,0.06153964008247844,0.061922666887971045,0.06064591086966236,0.05924147924952281,0.05860310124036847,0.05885845244403021,0.05732634522205979,0.061794991286140175,0.06868947378500706,0.0796695755424617,0.09039432609625464,0.09856556461343019,0.11197150280567135,0.12512208979425077,0.13750662317184498,0.151040236965917,0.16291406793618773,0.17300044048082633,0.17440487210096586,0.1750432501101202,0.17912886936870798,0.1834698398309575,0.18295913742363404,0.1827037862199723,0.18053330098884754,0.17721373534124496,0.1754262769156128,0.17325579168448804,0.17363881848998067,0.172362062471672,0.17376649409181152,0.17325579168448804,0.17210671126801025,0.17197903566617936,0.17440487210096586,0.1751709257119511,0.17797978895223018,0.17772443774856844,0.17759676214673756,0.17797978895223018,0.17478789890645846,0.1750432501101202,0.17759676214673756,0.18398054223828098,0.18717243228405267,0.18883221510785397,0.18768313469137615,0.18730010788588355,0.18691708108039093,0.1827037862199723,0.1825761106181414,0.18193773260898707,0.18142703020166362,0.1770860597394141,0.17491557450828935,0.17134065765702503,0.16968087483322375,0.16853179441674593,0.17402184529547327,0.17351114288814978,0.1698085504350546,0.17836281575772278,0.18244843501631056,0.1806609765906784,0.1795118961742006,0.185895676265744,0.18615102746940573,0.1855126494602514,0.18576800066391314,0.190747349135317,0.19738648043052212,0.19087502473714785,0.18398054223828098,0.1850019470529279,0.18602335186757488,0.18423589344194272,0.185895676265744,0.18806616149686875,0.1870447566822218,0.18538497385842054,0.18410821784011183,0.1825761106181414,0.18525729825658965,0.1862787030712366,0.18602335186757488,0.18576800066391314,0.18525729825658965,0.18449124464560446,0.18295913742363404,0.1903643223298244,0.187810810293207,0.18819383709869963,0.1898536199225009,0.1870447566822218,0.187810810293207,0.18844918830236135,0.190747349135317,0.19496064399573562,0.19419459038475043,0.18819383709869963,0.18883221510785397,