# R script for Peak Model
#  -- generated by MACS
p <- c(0.02492326580724371,0.029588704726826273,0.03431553100061387,0.0379987722529159,0.0430939226519337,0.042541436464088395,0.041988950276243095,0.0423572744014733,0.0427255985267035,0.04413750767341928,0.04468999386126458,0.043523634131368935,0.0427255985267035,0.04340085942295887,0.04364640883977901,0.04419889502762431,0.044751381215469614,0.04468999386126458,0.044751381215469614,0.04266421117249847,0.042541436464088395,0.04358502148557397,0.04456721915285451,0.044505831798649476,0.042541436464088395,0.04260282381829343,0.04112952731737262,0.04241866175567833,0.04162062615101289,0.042541436464088395,0.04266421117249847,0.04186617556783303,0.041252302025782686,0.04033149171270718,0.04223449969306323,0.04162062615101289,0.04278698588090853,0.04180478821362799,0.04266421117249847,0.041497851442602825,0.041559238796807854,0.041988950276243095,0.0430939226519337,0.04407612031921424,0.0430939226519337,0.04413750767341928,0.042971147943523635,0.04370779619398404,0.04432166973603438,0.04634745242480049,0.045979128299570286,0.045242480049109884,0.044505831798649476,0.044444444444444446,0.044751381215469614,0.04456721915285451,0.045242480049109884,0.044996930632289746,0.04419889502762431,0.04278698588090853,0.042541436464088395,0.043953345610804176,0.043953345610804176,0.04340085942295887,0.04284837323511357,0.042480049109883365,0.0432780847145488,0.043032535297728665,0.0432780847145488,0.043523634131368935,0.04407612031921424,0.043462246777163906,0.043523634131368935,0.04383057090239411,0.04407612031921424,0.044812768569674644,0.04438305709023941,0.04604051565377532,0.04542664211172499,0.045794966236955184,0.04659300184162063,0.04634745242480049,0.04610190300798036,0.047206875383670965,0.047697974217311236,0.046286065070595454,0.04591774094536526,0.043953345610804176,0.04468999386126458,0.04432166973603438,0.04432166973603438,0.044505831798649476,0.044751381215469614,0.04407612031921424,0.04413750767341928,0.045488029465930016,0.046286065070595454,0.04683855125844076,0.04634745242480049,0.0468999386126458,0.045733578882750155,0.046224677716390425,0.047697974217311236,0.04812768569674647,0.04757519950890117,0.046777163904235725,0.045794966236955184,0.04640883977900553,0.0468999386126458,0.04554941682013505,0.0478207489257213,0.04732965009208103,0.045794966236955184,0.04438305709023941,0.044444444444444446,0.04591774094536526,0.04714548802946593,0.045733578882750155,0.04561080417434009,0.046777163904235725,0.044996930632289746,0.045488029465930016,0.04511970534069982,0.045979128299570286,0.04561080417434009,0.044751381215469614,0.04407612031921424,0.04468999386126458,0.044505831798649476,0.043523634131368935,0.044260282381829344,0.044996930632289746,0.04610190300798036,0.04665438919582566,0.04739103744628607,0.047268262737875995,0.04751381215469613,0.0476365868631062,0.0478207489257213,0.048496009821976674,0.04843462246777164,0.04910988336402701,0.048741559238796806,0.0478207489257213,0.04696132596685083,0.04653161448741559,0.04610190300798036,0.04659300184162063,0.04616329036218539,0.046224677716390425,0.045794966236955184,0.044751381215469614,0.044260282381829344,0.045488029465930016,0.04653161448741559,0.04665438919582566,0.046777163904235725,0.04610190300798036,0.04604051565377532,0.04616329036218539,0.04616329036218539,0.04561080417434009,0.04561080417434009,0.04468999386126458,0.04591774094536526,0.045794966236955184,0.04659300184162063,0.04647022713321056,0.0476365868631062,0.0476365868631062,0.04837323511356661,0.049723756906077346,0.050460405156537755,0.05119705340699816,0.04966236955187232,0.04984653161448742,0.04929404542664211,0.04935543278084715,0.0485573971761817,0.048496009821976674,0.048496009821976674,0.04696132596685083,0.04659300184162063,0.0470841006752609,0.04696132596685083,0.0474524248004911,0.04794352363413137,0.048987108655616944,0.04910988336402701,0.04978514426028238,0.04929404542664211,0.050214855739717616,0.05027624309392265,0.050521792510742784,0.05187231430325353,0.0521792510742787,0.05230202578268876,0.05168815224063843,0.053284223449969303,0.05383670963781461,0.05402087170042971,0.053468385512584406,0.05279312461632903,0.051933701657458566,0.052424800491098836,0.052424800491098836,0.05131982811540822,0.05089011663597299,0.0516267648864334,0.05119705340699816,0.051012891344383055,0.05033763044812769,0.05076734192756292,0.05039901780233272,0.05033763044812769,0.04984653161448742,0.050030693677102514,0.05089011663597299,0.04960098219766728,0.04978514426028238,0.05064456721915286,0.052731737262124004,0.053713934929404544,0.05481890730509515,0.05310006138735421,0.053775322283609574,0.053284223449969303,0.052977286678944135,0.05316144874155924,0.05279312461632903,0.051995089011663595,0.05039901780233272,0.050521792510742784,0.05058317986494782,0.05156537753222836,0.051503990178023325,0.05352977286678944,0.05383670963781461,0.05279312461632903,0.052424800491098836,0.05402087170042971,0.05537139349294046,0.054450583179864946,0.05365254757519951,0.053406998158379376,0.05451197053406998,0.05432780847145488,0.05506445672191528,0.05561694290976059,0.055187231430325355,0.053406998158379376,0.053406998158379376,0.05365254757519951,0.05402087170042971,0.054205033763044815,0.05316144874155924,0.05230202578268876,0.05174953959484346,0.05138121546961326,0.052240638428483734,0.05310006138735421,0.052977286678944135,0.05230202578268876,0.052915899324739106,0.05334561080417434,0.05260896255371394,0.05334561080417434,0.054205033763044815,0.053959484346224676,0.054205033763044815,0.05537139349294046,0.05549416820135052,0.05751995089011663,0.058133824432166976,0.0570902394106814,0.05874769797421731,0.0572744014732965,0.05610804174340086,0.057458563535911604,0.05758133824432167,0.05684468999386127,0.056721915285451195,0.05580110497237569,0.055248618784530384,0.05598526703499079,0.05555555555555555,0.057642725598526706,0.058011049723756904,0.05776550030693677,0.05831798649478207,0.05856353591160221,0.05887047268262738,0.05874769797421731,0.058686310620012276,0.05905463474524248,0.05856353591160221,0.058993247391037444,0.059484346224677714,0.059177409453652546,0.058502148557397174,0.06353591160220995,0.07139349294045427,0.08066298342541436,0.08864333947206876,0.09600982197667281,0.10577041129527318,0.1172498465316145,0.1285451197053407,0.14063842848373234,0.15131982811540823,0.15567833026396563,0.15678330263965623,0.15936157151626765,0.1614487415592388,0.16562308164518108,0.167280540208717,0.16685082872928178,0.16550030693677104,0.16500920810313074,0.1682013505217925,0.16967464702271332,0.1723756906077348,0.17292817679558012,0.1731123388581952,0.17176181706568447,0.1739717618170657,0.17384898710865562,0.17728667894413752,0.1771025168815224,0.17544505831798649,0.1752608962553714,0.17452424800491098,0.17434008594229589,0.17532228360957644,0.1759975445058318,0.1750767341927563,0.17587476979742173,0.17317372621240024,0.17298956414978514,0.17360343769183548,0.17544505831798649,0.17648864333947206,0.17716390423572745,0.17556783302639656,0.17630448127685697,0.1744014732965009,0.17354205033763045,0.1739717618170657,0.1759975445058318,0.17458563535911603,0.17262124002455495,0.17016574585635358,0.16887661141804788,0.17004297114794353,0.16924493554327807,0.17280540208717005,0.17354205033763045,0.17194597912829956,0.17077961939840394,0.1723756906077348,0.17372621240024555,0.1769183548189073,0.1775936157151627,0.17949662369551872,0.1809085328422345,0.17808471454880295,0.1767341927562922,0.1807243707796194,0.1798035604665439,0.17900552486187846,0.17968078575813382,0.17747084100675262,0.17790055248618786,0.1756292203806016,0.1758133824432167,0.17556783302639656,0.17685696746470228,0.1767341927562922,0.17790055248618786,0.1780233271945979,0.17575199508901165,0.17740945365254757,0.17722529158993247,0.1778391651319828,0.18011049723756906,0.18133824432166973,0.17986494782074894,0.1771025168815224,0.17826887661141805,0.17839165131982812,0.17968078575813382,0.17955801104972377,0.1809085328422345,0.18275015346838552,