# R script for Peak Model
#  -- generated by MACS
p <- c(0.029662251825249532,0.03454250562613656,0.0387997483035061,0.04423378976974201,0.04980627815231514,0.050290842359495415,0.04966783123597792,0.05036006581766403,0.05046390100491694,0.05036006581766403,0.05039467754674833,0.05004856025590528,0.05032545408857972,0.04911404357062904,0.04842180898894294,0.04824875034352141,0.04866409109253307,0.04807569169809989,0.046933504638317816,0.04703733982557073,0.04703733982557073,0.046691222534727676,0.04648355216022185,0.047141175012823645,0.047798797865425444,0.04766035094908822,0.04721039847099225,0.047487292303666696,0.04766035094908822,0.04783340959450975,0.04800646823993127,0.048594867634364464,0.049494772590556395,0.04890637319612321,0.04811030342718419,0.04824875034352141,0.048283362072605716,0.04935632567421918,0.04956399604872501,0.04991011333956806,0.049390937403303484,0.04911404357062904,0.04862947936344877,0.04935632567421918,0.049737054694146535,0.049840889881399446,0.049944725068652364,0.05025623063041111,0.05081001829575999,0.05001394852682098,0.050498512734001244,0.05032545408857972,0.05077540656667569,0.05112152385751874,0.05181375843920484,0.05136380596110888,0.05136380596110888,0.05139841769019318,0.05094846521209721,0.052090652271879284,0.052090652271879284,0.052436769562722335,0.052332934375469424,0.050879241753928606,0.049944725068652364,0.05022161890132681,0.051086912128434435,0.04991011333956806,0.05025623063041111,0.04963321950689362,0.04911404357062904,0.049737054694146535,0.04869870282161738,0.049840889881399446,0.04977166642323084,0.049529384319640705,0.048594867634364464,0.04959860777780931,0.049529384319640705,0.04991011333956806,0.05101768867026583,0.050533124463085555,0.05105230039935013,0.05098307694118152,0.050879241753928606,0.051640699793783315,0.05229832264638511,0.05170992325195193,0.05236754610455373,0.05112152385751874,0.0508446300248443,0.050636959650338466,0.05032545408857972,0.05119074731568735,0.051675311522867626,0.05174453498103623,0.05157147633561471,0.051640699793783315,0.05098307694118152,0.05146764114836179,0.04997933679773667,0.05001394852682098,0.05115613558660304,0.05025623063041111,0.04991011333956806,0.049494772590556395,0.049287102216050566,0.04890637319612321,0.04904482011246043,0.049840889881399446,0.05119074731568735,0.05112152385751874,0.05081001829575999,0.0515022528774461,0.05139841769019318,0.051329194232024575,0.05157147633561471,0.05157147633561471,0.0508446300248443,0.05056773619216986,0.050498512734001244,0.051294582502940264,0.05077540656667569,0.05077540656667569,0.05036006581766403,0.0508446300248443,0.050187007172242504,0.050879241753928606,0.0515022528774461,0.050671571379422777,0.0508446300248443,0.05036006581766403,0.05094846521209721,0.049944725068652364,0.05042928927583264,0.050636959650338466,0.050290842359495415,0.049737054694146535,0.04977166642323084,0.04991011333956806,0.04963321950689362,0.04966783123597792,0.049529384319640705,0.04970244296506223,0.05001394852682098,0.04963321950689362,0.05032545408857972,0.050879241753928606,0.051294582502940264,0.05212526400096359,0.05195220535554206,0.05274827512448108,0.05274827512448108,0.05257521647905956,0.052852110311734,0.052679051666312475,0.052679051666312475,0.05198681708462637,0.0515022528774461,0.05070618310850708,0.05077540656667569,0.04966783123597792,0.04946016086147209,0.05022161890132681,0.05001394852682098,0.04991011333956806,0.049944725068652364,0.05036006581766403,0.05091385348301291,0.05195220535554206,0.052229099188216506,0.05330206278982997,0.0535443448934201,0.054236579475106204,0.054617308495033566,0.055621048638478415,0.05607100111657438,0.0562094480329116,0.0555172134512255,0.05475575541137078,0.055378766534888275,0.054582696765949255,0.0542019677460219,0.05295594549898691,0.052436769562722335,0.052436769562722335,0.05229832264638511,0.05157147633561471,0.05160608806469901,0.05170992325195193,0.0515022528774461,0.05292133376990261,0.05378662699701024,0.053475121435251495,0.05309439241532413,0.05195220535554206,0.051640699793783315,0.05174453498103623,0.051882981897373455,0.05326745106074566,0.05312900414440844,0.05212526400096359,0.05299055722807122,0.054236579475106204,0.054894202327708,0.055621048638478415,0.05575949555481564,0.05693629434368201,0.057074741260019234,0.05645173013650174,0.056520953594670346,0.0568670708855134,0.05710935298910354,0.05728241163452506,0.057420858550862285,0.0569016826145977,0.05783619929987394,0.057628528925368114,0.05928989192141476,0.05908222154690893,0.0582169283198013,0.057317023363609367,0.05665940051100757,0.05648634186558604,0.05704012953093492,0.058424598694307134,0.05790542275804256,0.0582169283198013,0.05648634186558604,0.056278671491080214,0.056520953594670346,0.057074741260019234,0.056278671491080214,0.05614022457474299,0.056036389387490074,0.05475575541137078,0.05472114368228648,0.0542019677460219,0.05472114368228648,0.05427119120419051,0.055967165929321466,0.057317023363609367,0.057766975841705336,0.058182316590716994,0.05883993944331879,0.05915144500507754,0.059324503650499065,0.05904760981782463,0.05894377463057171,0.06001673823218517,0.059116833275993236,0.05863226906881296,0.05915144500507754,0.05870149252698157,0.05811309313254839,0.05918605673416184,0.05925528019233046,0.05925528019233046,0.05963600921225781,0.06029363206485961,0.060708972813871276,0.06029363206485961,0.059912903044932256,0.06060513762661836,0.06143581912464168,0.060362855523028225,0.06063974935570266,0.061366595666473074,0.06174732468640043,0.06150504258281029,0.06108970183379863,0.06115892529196724,0.06119353702105155,0.06122814875013585,0.06005134996126948,0.060674361084786965,0.06119353702105155,0.06174732468640043,0.06198960678999056,0.06188577160273765,0.060916643188377105,0.06095125491746141,0.06178193641548473,0.060916643188377105,0.06105509010471433,0.060674361084786965,0.06077819627203988,0.06129737220830446,0.06105509010471433,0.06095125491746141,0.06285490001709819,0.06306257039160403,0.062128053706327784,0.06268184137167666,0.06347791114061568,0.06389325188962736,0.06389325188962736,0.06278567655892958,0.06282028828801389,0.06330485249519416,0.06638529638369732,0.07216545514077628,0.08036843493375662,0.08666776962710016,0.09282865740410648,0.10027017915723209,0.10836932376295949,0.11719531467945732,0.125779023492365,0.13391277982717673,0.1404890083531947,0.14401940471979383,0.14467702757239562,0.1472729072537185,0.14910732889518669,0.14952266964419836,0.1505956332458118,0.14993801039321,0.15135709128566652,0.1506302449748961,0.14969572828961988,0.14889965852068085,0.1519108789510154,0.15222238451277414,0.15166859684742526,0.15211854932552124,0.15094175053665487,0.15284539563629165,0.15211854932552124,0.1537453005924836,0.1531569011980504,0.15364146540523066,0.15073408016214904,0.1512186443693293,0.1531915129271347,0.15350301848889344,0.15377991232156787,0.15222238451277414,0.15239544315819567,0.15253389007453289,0.15222238451277414,0.1539875826960737,0.15554511050486744,0.15637579200289078,0.15551049877578313,0.15772564943717868,0.15741414387541994,0.15821021364435894,0.15821021364435894,0.15741414387541994,0.15831404883161185,0.15668729756464952,0.15672190929373384,0.15488748765226565,0.1551297697558558,0.15478365246501274,0.15665268583556521,0.157310308688167,0.15772564943717868,0.15821021364435894,0.15904089514238226,0.15966390626589977,0.15890244822604505,0.16045997603483877,0.16198289211454822,0.1592831772459724,0.15876400130970783,0.16070225813842892,0.1599754118276585,0.16139449272011502,0.16167138655278945,0.16174061001095807,0.160598422951176,0.16163677482370517,0.16153293963645224,0.16302124398707737,0.16215595075996975,0.15969851799498408,0.16101376370018766,0.1605638112220917,0.15841788401886478,0.15879861303879214,0.1605638112220917,0.16028691738941725,0.1613598809910307,0.1606330346802603,0.16097915197110335,0.1632981378197518,0.16281357361257154,0.1632635260906675,0.16520178291938858,0.16613629960466483,0.16845528545331329,0.16883601447324065,0.16966669597126396,