# R script for Peak Model
#  -- generated by MACS
p <- c(0.02769636881378479,0.0311779011036977,0.03611440211178317,0.0402714555922762,0.044844214420818526,0.0447402880838062,0.04437654590426306,0.04354513520816445,0.043701024713682944,0.04338924570264596,0.04354513520816445,0.044116730061732244,0.04385691421920143,0.045415809274386314,0.04609133046496643,0.04759826235164515,0.047442372846126665,0.04806593086820062,0.04713059383508969,0.04759826235164515,0.049209120575336204,0.05014445760844713,0.050716052462014924,0.04988464176591632,0.05024838394545946,0.04842967304774376,0.04848163621624992,0.04868948889027457,0.04863752572176841,0.04848163621624992,0.04692274116106504,0.04577955145392946,0.0447402880838062,0.04458439857828771,0.04468832491530004,0.04494814075783085,0.04468832491530004,0.04442850907276922,0.04494814075783085,0.045623661948410964,0.04551973561139864,0.046143293633472596,0.047026667498077365,0.047026667498077365,0.04624721997048492,0.04572758828542329,0.0455716987799048,0.045052067094843176,0.045259919768867826,0.04463636174679387,0.045623661948410964,0.04572758828542329,0.04437654590426306,0.04442850907276922,0.04510403026334934,0.04609133046496643,0.04629918313899108,0.04687077799255888,0.04692274116106504,0.04749433601463283,0.04713059383508969,0.04671488848704038,0.048117894036706785,0.04733844650911434,0.046351146307497246,0.046143293633472596,0.04645507264450957,0.0473904096776205,0.047650225520151315,0.046351146307497246,0.04650703581301573,0.04645507264450957,0.046351146307497246,0.047234520172102015,0.04775415185716364,0.04822182037371911,0.048741452058780735,0.04718255700359585,0.04692274116106504,0.04718255700359585,0.047650225520151315,0.04796200453118829,0.047234520172102015,0.046766851655546546,0.0455716987799048,0.045000103926337014,0.04437654590426306,0.04510403026334934,0.04442850907276922,0.044324582735756894,0.04427261956725073,0.04583151462243562,0.04619525680197876,0.04687077799255888,0.047026667498077365,0.04707863066658353,0.04796200453118829,0.04816985720521295,0.048949304732805385,0.049832678597410154,0.04936501008085469,0.04801396769969446,0.04858556255326225,0.04759826235164515,0.04858556255326225,0.048741452058780735,0.04822182037371911,0.04754629918313899,0.04728648334060818,0.04624721997048492,0.04629918313899108,0.04666292531853422,0.04583151462243562,0.04640310947600341,0.045675625116917126,0.044792251252312364,0.04448047224127538,0.04489617758932469,0.045935440959447946,0.04707863066658353,0.046558998981521896,0.046558998981521896,0.046558998981521896,0.04728648334060818,0.04775415185716364,0.04801396769969446,0.04796200453118829,0.04759826235164515,0.047026667498077365,0.04718255700359585,0.048117894036706785,0.04801396769969446,0.048741452058780735,0.04801396769969446,0.047858078194175965,0.04770218868865748,0.04822182037371911,0.048533599384756085,0.048533599384756085,0.04759826235164515,0.04692274116106504,0.04718255700359585,0.04733844650911434,0.04775415185716364,0.0483777098792376,0.049624825923385504,0.049832678597410154,0.04978071542890399,0.050716052462014924,0.05123568414707655,0.05191120533765667,0.05107979464155806,0.050923905136039574,0.051859242169150506,0.050560162956496436,0.05081997879902725,0.05066408929350876,0.05139157365259504,0.0510278314730519,0.051131757810064224,0.051859242169150506,0.052534763359730625,0.05300243187628609,0.05196316850616283,0.05232691068570597,0.05175531583213818,0.05133961048408888,0.05066408929350876,0.0506121261250026,0.04998856810292864,0.04848163621624992,0.04816985720521295,0.047442372846126665,0.04707863066658353,0.0473904096776205,0.04749433601463283,0.04806593086820062,0.04842967304774376,0.0478061150256698,0.04905323106981771,0.050352310282471786,0.05170335266363202,0.05139157365259504,0.05263868969674295,0.0532622477188169,0.05331421088732306,0.05263868969674295,0.052950468707779925,0.052950468707779925,0.052950468707779925,0.05300243187628609,0.05331421088732306,0.05435347425744632,0.05378187940387853,0.05347010039284155,0.05263868969674295,0.053366174055829226,0.052534763359730625,0.05217102118018748,0.05191120533765667,0.05159942632661969,0.04993660493442248,0.050300347113965624,0.04988464176591632,0.05009249443994097,0.051651389495125856,0.05180727900064434,0.05217102118018748,0.05263868969674295,0.052534763359730625,0.05170335266363202,0.052274947517199806,0.051859242169150506,0.052274947517199806,0.052274947517199806,0.05211905801168132,0.052274947517199806,0.05196316850616283,0.0524308370227183,0.052742616033755275,0.053158321381804576,0.05372991623537237,0.054041695246409345,0.05388580574089086,0.05430151108894016,0.053833842572384695,0.054717216436989465,0.05518488495354493,0.05440543742595248,0.05482114277400179,0.05627611149217435,0.055340774459063415,0.05591236931263121,0.057107522188272954,0.05793893288437156,0.059757643782087255,0.058874269917482486,0.05897819625449481,0.05856249090644551,0.058458564569433186,0.05669181684022365,0.05679574317723598,0.055548627133088065,0.054457400594458645,0.05372991623537237,0.05321028455031074,0.05372991623537237,0.05419758475192783,0.05487310594250795,0.05497703227952028,0.05497703227952028,0.05570451663860656,0.05684770634574214,0.056951632682754466,0.057315374862297604,0.05705555901976679,0.05700359585126063,0.05658789050321132,0.056483964166199,0.05591236931263121,0.05612022198665586,0.05700359585126063,0.057107522188272954,0.058666417243457836,0.05814678555839621,0.05762715387333458,0.057367338030803766,0.056483964166199,0.05799089605287772,0.05897819625449481,0.06001745962461807,0.05923801209702563,0.05840660140092702,0.05674378000872981,0.05799089605287772,0.05814678555839621,0.059134085760013305,0.06100475982623516,0.06001745962461807,0.05944586477105028,0.05965371744507493,0.05965371744507493,0.05923801209702563,0.05991353328760574,0.05897819625449481,0.05892623308598865,0.05928997526553179,0.06027727546714889,0.060952796657729,0.06074494398370435,0.0601213859616304,0.06038120180416121,0.06121261250025982,0.06209598636486458,0.06225187587038307,0.06147242834279063,0.06100475982623516,0.058874269917482486,0.05799089605287772,0.05944586477105028,0.06422647627361726,0.07139739352746773,0.07846438444430588,0.08511567001309472,0.09342977697408077,0.10200369977759764,0.1105776225811145,0.12081436677682858,0.12897258423229616,0.1371308016877637,0.14082018665170126,0.1433144187399971,0.14627631934484836,0.14830288291658872,0.1481989565795764,0.1501735569828106,0.1508490781733907,0.1504333728253414,0.15136870985845233,0.15178441520650163,0.15370705244122965,0.15552576333894536,0.15396686828376047,0.15375901560973582,0.1556296896759577,0.15625324769803164,0.15547380017043919,0.1568768057201056,0.15983870632495686,0.15931907463989525,0.15879944295483361,0.15640913720355012,0.1573964374051672,0.15833177443827814,0.15859159028080896,0.15864355344931513,0.15983870632495686,0.1589553324603521,0.15692876888861176,0.1581239217642535,0.16004655899898151,0.1597867431564507,0.15885140612333978,0.15599343185550082,0.15661698987757477,0.15703269522562407,0.1581239217642535,0.15786410592172267,0.15900729562885826,0.1593710378084014,0.16015048533599385,0.16056619068404315,0.16337220178337594,0.16565858119764712,0.16841262912847374,0.16981563467814012,0.1673733657583505,0.16799692378042444,0.16711354991581967,0.16882833447652304,0.16602232337719025,0.16674980773627654,0.16612624971420256,0.16680177090478268,0.16378790713142524,0.16228097524474652,0.16430753881648688,0.1653987653551163,0.16991956101515246,0.16799692378042444,0.1686204818024984,0.1690361871505477,0.17023134002618945,0.1709588243852757,0.17163434557585583,0.17225790359792978,0.17314127746253455,0.17308931429402838,0.16893226081353538,0.16784103427490596,0.16643802872523955,0.16732140258984432,0.16571054436615326,0.16711354991581967,0.16643802872523955,0.16856851863399222,0.16716551308432584,0.16690569724179502,0.16856851863399222,0.17090686121676954,0.17428446716967014,0.17288146162000373,0.17329716696805306,0.17215397726091747,