# R script for Peak Model
#  -- generated by MACS
p <- c(0.02139397873518589,0.025467364434155374,0.028861852516629944,0.032447824542218465,0.036138242354960055,0.035685643943963445,0.035737866837539975,0.03565082868157909,0.03589453551826957,0.03591194314946175,0.036312318666881824,0.03570305157515562,0.0361034270925757,0.036207872879728764,0.03608601946138352,0.036173057617344406,0.03685195523383932,0.03723492312006722,0.03733936890722028,0.0374786299567577,0.03739159180079682,0.037774559687024714,0.037617891006295125,0.03800085889252302,0.03820975046682915,0.03848827256590399,0.03883642518974753,0.03836641914755874,0.0382445657292135,0.03779196731821689,0.0378615978429856,0.037652706268679476,0.03782678258060125,0.03753085285033424,0.03798345126133085,0.038140119942060444,0.03756566811271859,0.03793122836775431,0.038227158098021324,0.039027909132861485,0.03934124649432067,0.03984606779889382,0.04022903568512171,0.04014199752916083,0.04028125857869825,0.04035088910346696,0.04064681883373397,0.040559780677773084,0.04064681883373397,0.04062941120254179,0.04045533489062002,0.04036829673465913,0.0397764372741251,0.04028125857869825,0.039584953331011155,0.03961976859339551,0.03981125253650946,0.04021162805392954,0.04022903568512171,0.04021162805392954,0.04019422042273736,0.04042051962823567,0.04076867225207921,0.04076867225207921,0.041064601982346224,0.04092534093280881,0.040942748564000986,0.040994971457577516,0.04130830881903671,0.04136053171261324,0.042422397215336055,0.042022021697915975,0.04226572853460646,0.04219609800983775,0.042039429329108154,0.042492027740104764,0.042544250633681294,0.042352766690567346,0.04216128274745339,0.04221350564102993,0.04165646144288025,0.041952391173147266,0.041952391173147266,0.042404989584143876,0.04282277273275613,0.04266610405202653,0.042927218519909195,0.043379816930905805,0.04311870246302314,0.042857587995140486,0.042457212477720406,0.04282277273275613,0.04311870246302314,0.04237017432175952,0.042544250633681294,0.04257906589606565,0.04250943537129694,0.04273573457679525,0.042927218519909195,0.04310129483183097,0.04303166430706226,0.042927218519909195,0.04317092535659968,0.04412834507216943,0.043849822973094595,0.044406867171244264,0.0446853892703191,0.044737612163895636,0.04505094952535482,0.04539910214919837,0.04607799976569328,0.04604318450330893,0.045886515822579334,0.04597355397854022,0.046321706602383765,0.04647837528311336,0.046147630290462,0.04613022265926982,0.0459909616097324,0.04585170056019498,0.04567762424827321,0.04623466844642288,0.04597355397854022,0.045938738716155864,0.04635652186476812,0.04651319054549772,0.04644356002072901,0.04609540739688546,0.04670467448861167,0.047244311055569164,0.0469831965876865,0.04686134316934126,0.0479058010408719,0.04787098577848754,0.04835839945186851,0.04856729102617464,0.04936804206101479,0.04940285732339915,0.04886322075644165,0.048636921550943346,0.04954211837293657,0.04952471074174439,0.04952471074174439,0.049629156528897454,0.04884581312524947,0.048776182600480764,0.04832358418948415,0.04900248180597907,0.049681379422473984,0.04987286336558793,0.050064347308701886,0.05030805414539236,0.04995990152154882,0.05095213649950293,0.05175288753434308,0.051543995960036955,0.051996594371033565,0.05177029516553526,0.05095213649950293,0.051091397549040345,0.05130028912334647,0.051091397549040345,0.05143955017288389,0.05100435939307946,0.05083028308115768,0.05130028912334647,0.05180511042791961,0.051613626484805664,0.052501415675606705,0.053023644611372024,0.0530410522425642,0.05425958642601661,0.05432921695078532,0.053928841433365245,0.05420736353244008,0.05415514063886354,0.053963656695749596,0.05474700009939758,0.05460773904986015,0.054085510114094834,0.0541899559012479,0.05335438960402339,0.0534240201287921,0.0536503193342904,0.053058459873756375,0.05331957434163904,0.053406612497599926,0.052954014086603315,0.05335438960402339,0.05363291170309823,0.053528465915945164,0.05422477116363226,0.05431180931959314,0.05455551615628362,0.054816630624166286,0.05490366878012717,0.05438143984436185,0.05465996194343669,0.054886261148934995,0.05519959851039418,0.05521700614158636,0.0551125603544333,0.0555651587654299,0.0557218274461595,0.05671406242411361,0.056922953998419734,0.05728851425345546,0.05798481950114255,0.05772370503325989,0.05763666687729901,0.05791518897637384,0.05756703635253029,0.05749740582776158,0.05761925924610683,0.05739296004060852,0.0571840684663024,0.05749740582776158,0.0570273997855728,0.05744518293418505,0.05807185765710344,0.05842001028094698,0.05901186974148101,0.05882038579836706,0.05882038579836706,0.05843741791213916,0.058663717117637466,0.0589422392167123,0.05953409867724633,0.05960372920201504,0.05939483762770891,0.05889001632313577,0.05937742999651673,0.05988225130108987,0.06007373524420383,0.060770040491890914,0.061048562590965756,0.06075263286069874,0.061205231271695346,0.061170416009310995,0.06134449232123277,0.06228450440561034,0.061605606789115426,0.0619363517817668,0.06183190599461373,0.06158819915792325,0.06132708469004059,0.06190153651938244,0.061170416009310995,0.06143153047719365,0.06197116704415115,0.06198857467534333,0.06223228151203381,0.062162650987265096,0.06223228151203381,0.06233672729918687,0.06275451044779913,0.06289377149733655,0.06385119121290629,0.06385119121290629,0.06372933779456105,0.06357266911383146,0.0641471209431733,0.06409489804959678,0.0643908277798638,0.06531343223304918,0.06550491617616314,0.06529602460185702,0.06604455274312064,0.06634048247338765,0.06693234193392168,0.06785494638710707,0.06830754479810368,0.06910829583294384,0.0697523781870544,0.06917792635771254,0.06945644845678739,0.0701353460732823,0.06931718740724996,0.06987423160539964,0.0697523781870544,0.06926496451367344,0.06950867135036391,0.06888199662744553,0.06954348661274827,0.07025719949162754,0.0708142436897772,0.071284249731966,0.07184129393011567,0.0717368481429626,0.07164980998700173,0.07170203288057825,0.07215463129157486,0.07269426785853236,0.07250278391541841,0.072659452596148,0.07269426785853236,0.07302501285118372,0.07342538836860381,0.07417391650986743,0.07500948280709194,0.07650653908961919,0.07711580618134539,0.07821248694645255,0.07906546087486925,0.08080622399408698,0.08256439474449688,0.08400922813344759,0.08529739284166872,0.08712519411684733,0.08869188092414329,0.0895274472213678,0.08966670827090521,0.09065894324885933,0.09177303164515867,0.09180784690754303,0.09194710795708044,0.09203414611304132,0.09248674452403793,0.09321786503410938,0.0937400939698747,0.09372268633868253,0.09424491527444784,0.0941230618561026,0.09476714421021316,0.09574197155697509,0.0958812326065125,0.09591604786889686,0.09626420049274041,0.09572456392578291,0.09591604786889686,0.09725643547069451,0.09823126281745644,0.09790051782480508,0.09722162020831016,0.09682124469089008,0.09809200176791902,0.09897979095872006,0.09911905200825748,0.09931053595137143,0.09983276488713676,0.10009387935501941,0.09981535725594458,0.10089463038985957,0.10073796170912998,0.10124278301370311,0.10045943961005513,0.10157352800635448,0.10226983325404157,0.10315762244484261,0.10305317665768955,0.10275724692742254,0.1039409658484906,0.10545542976221002,0.10757916076765564,0.10844954232726452,0.10959844598594821,0.10992919097859959,0.11019030544648224,0.11078216490701627,0.11071253438224755,0.11149587778589554,0.11196588382808433,0.11187884567212343,0.11151328541708772,0.11149587778589554,0.11210514487762174,0.11139143199874248,0.11161773120424077,0.1115306930482799,0.11276663486292447,0.11241848223908094,0.11318441801153674,0.11294071117484625,0.11391553852160818,0.11494258876194664,0.11515148033625276,0.11588260084632421,0.11710113502977662,0.11863300657468823,0.11939894234714403,0.12046080784986685,0.12082636810490256,0.1216445267709349,0.12178378782047232,0.12204490228835498,0.12274120753604206,0.12348973567730569,0.12329825173419173,0.12423826381856931,0.1239423340883023,0.12420344855618495,0.1251608682717547,0.12611828798732447,0.12688422375978026,0.12712793059647073,