# R script for Peak Model
#  -- generated by MACS
p <- c(0.025021240389569033,0.029263170578464028,0.033382146269130185,0.03747038333523913,0.041374188654004815,0.041712313524134126,0.04106680240843271,0.04057498441551735,0.04094384791020387,0.0407286775383034,0.040759416162860614,0.04100532515931829,0.04125123415577597,0.04152788177679086,0.04128197278033318,0.04106680240843271,0.04183526802236297,0.04174305214869133,0.042265608766163906,0.04260373363629322,0.04281890400819369,0.0428496426327509,0.04229634739072111,0.04177379077324855,0.042542256387178796,0.043310722001109046,0.04278816538363648,0.043034074380094156,0.04229634739072111,0.041589359025905284,0.041866006646920174,0.04168157489957691,0.04266521088540764,0.04278816538363648,0.04272668813452206,0.04238856326439275,0.04321850612743742,0.04367958549579557,0.044478789734283035,0.04580055059024307,0.046968618323417054,0.04706083419708868,0.04746043631633241,0.047798561186461724,0.048013731558362194,0.04844407230216314,0.04918179929153618,0.04859776542494919,0.04822890193026267,0.04699935694797426,0.04533947122188492,0.04570833471657144,0.044693960106183504,0.044816914604412346,0.044632482857069083,0.04450952835884024,0.04340293787478068,0.04352589237300952,0.04417140348871093,0.04493986910264119,0.04573907334112865,0.04567759609201423,0.04601572096214354,0.045370209846442126,0.04512430084998444,0.044816914604412346,0.045185778099098864,0.044909130478083974,0.044263619362382566,0.043986971741367675,0.04444805110972582,0.044263619362382566,0.04435583523605419,0.04515503947454166,0.045247255348213285,0.0458927664639147,0.04592350508847191,0.04690714107430263,0.04693787969885984,0.04746043631633241,0.04699935694797426,0.04635384583227285,0.04656901620417332,0.04656901620417332,0.047091572821645895,0.04607719821125796,0.0471223114462031,0.04644606170594448,0.04638458445683006,0.04604645958670075,0.04564685746745702,0.04598498233758633,0.04607719821125796,0.04629236858315843,0.04623089133404401,0.046753447951516584,0.04626162995860122,0.04690714107430263,0.04666123207784495,0.04638458445683006,0.04616941408492959,0.046876402449745426,0.0465075389550589,0.04718378869531752,0.04684566382518821,0.046814925200631005,0.04641532308138727,0.04623089133404401,0.047091572821645895,0.047583390814561255,0.048413333677605926,0.048413333677605926,0.048013731558362194,0.047429697691775206,0.047429697691775206,0.04727600456898915,0.0471223114462031,0.04749117494088963,0.04767560668823288,0.047644868063675676,0.047737083937347304,0.047245265944431944,0.047737083937347304,0.04782929981101894,0.04868998129862082,0.0486285040495064,0.049028106168750134,0.04887441304596408,0.04795225430924778,0.048075208807476615,0.04749117494088963,0.04761412943911847,0.0477063453127901,0.04789077706013336,0.04739895906721799,0.048136686056591035,0.04825964055481988,0.0483211178039343,0.04881293579684966,0.04912032204242176,0.04918179929153618,0.04921253791609339,0.04908958341786455,0.049366231038879445,0.0492432765406506,0.0501654352773669,0.04976583315812318,0.0492432765406506,0.04945844691255107,0.049796571782680384,0.04973509453356596,0.050196173901924115,0.05022691252648132,0.049642878659894335,0.05031912840015296,0.04982731040723759,0.05010395802825249,0.05071873051939669,0.050964639515854365,0.05081094639306832,0.05173310512978462,0.05234787762092882,0.05354668397866002,0.053854070224232116,0.05397702472246096,0.05370037710144607,0.05373111572600328,0.05354668397866002,0.05370037710144607,0.053515945354102805,0.05394628609790375,0.05419219509436143,0.053300774982202336,0.05373111572600328,0.05391554747334654,0.0534852067295456,0.053024127361187445,0.05403850197157538,0.053454468104988384,0.05388480884878933,0.05256304799282929,0.0516716278806702,0.05194827550168509,0.0516716278806702,0.05081094639306832,0.05188679825257067,0.05299338873663024,0.05164088925611299,0.051917536877127884,0.05157941200699857,0.05250157074371487,0.05333151360675955,0.05366963847688886,0.05360816122777444,0.05465327446271958,0.054684013087276793,0.05403850197157538,0.05449958133993353,0.05489918345917726,0.055237308329306574,0.055852080820450775,0.055636910448550306,0.05649759193615219,0.05711236442729639,0.056067251192351245,0.05569838769766473,0.056405376062480556,0.05655906918526661,0.05665128505893824,0.0574504892974257,0.05674350093260987,0.05662054643438103,0.056190205690580086,0.05689719405539592,0.057634921044768965,0.057788614167555014,0.057911568665783855,0.05815747766224153,0.058741511528828526,0.058065261788569904,0.058188216286798745,0.05871077290427132,0.058249693535913166,0.05732753479919686,0.05711236442729639,0.05741975067286849,0.05751196654654012,0.057573443795654544,0.0577578755429978,0.0574504892974257,0.05754270517109733,0.05738901204831128,0.05831117078502759,0.05950997714275878,0.05972514751465925,0.05963293164098762,0.05935628401997273,0.06027844275668903,0.06033992000580345,0.06132355599163418,0.061354294616191386,0.06218423747923606,0.06249162372480816,0.06221497610379327,0.06273753272126584,0.06239940785113653,0.06304491896683795,0.0632293507141812,0.06319861208962399,0.0629527030931663,0.06372116870709657,0.06316787346506678,0.06255310097392258,0.06313713484050958,0.06369043008253936,0.06439741844735519,0.06393633907899704,0.0635367369597533,0.06341378246152446,0.06396707770355424,0.06424372532456914,0.06375190733165377,0.06384412320532541,0.06316787346506678,0.06313713484050958,0.0629527030931663,0.06409003220178308,0.06439741844735519,0.06495071368938497,0.06498145231394217,0.06544253168230033,0.06734832640484736,0.06790162164687714,0.06876230313447902,0.06956150737296649,0.07005332536588185,0.0698996322430958,0.07014554123955348,0.07036071161145395,0.07097548410259816,0.07048366610968279,0.06962298462208091,0.06913116662916555,0.06876230313447902,0.06827048514156366,0.06860861001169297,0.06882378038359345,0.0690082121309367,0.0683627010152353,0.06796309889599156,0.0677786671486483,0.0680860533942204,0.06888525763270786,0.06910042800460833,0.06974593912030974,0.07042218886056836,0.07023775711322511,0.07005332536588185,0.07029923436233954,0.07026849573778232,0.07223576770944376,0.07334235819350333,0.07555553916162246,0.07786093600341322,0.08007411697153234,0.0835475815464971,0.08655996675310368,0.0915088853068145,0.0963655879868537,0.10106859754410685,0.10398876687704181,0.10644785684161862,0.10887620818163822,0.11112012777431456,0.11265705900217507,0.11139677539532945,0.11238041138116017,0.11170416164090155,0.11195007063735923,0.1118578547636876,0.11130455952165783,0.11268779762673227,0.11136603677077224,0.1109356960269713,0.1118578547636876,0.11360995636344857,0.11410177435636394,0.11453211510016488,0.11496245584396582,0.11508541034219466,0.11526984208953793,0.11493171721940862,0.11570018283333887,0.1154850124614384,0.11517762621586629,0.11450137647560767,0.11505467171763746,0.11471654684750815,0.11348700186521973,0.113671433612563,0.11437842197737882,0.11526984208953793,0.1164379098227119,0.11656086432094075,0.11600756907891097,0.1160690463280254,0.1160690463280254,0.11585387595612491,0.11705268231385611,0.11659160294549796,0.11745228443309984,0.11585387595612491,0.11600756907891097,0.11680677331739843,0.11809779554880126,0.12037245376603481,0.12135608975186553,0.12295449822884046,0.12356927071998465,0.12473733845315864,0.12538284956886006,0.12716568979317824,0.1279956326562229,0.12728864429140707,0.12805710990533734,0.12713495116862103,0.1273501215405215,0.12664313317570566,0.12685830354760613,0.12661239455114845,0.12784193953343687,0.12808784852989455,0.1267353490493773,0.12753455328786475,0.12639722417924798,0.12685830354760613,0.12719642841773546,0.12768824641065082,0.12830301890179502,0.13030102949801367,0.1279956326562229,0.12836449615090945,0.12934813213674015,0.12879483689471038,0.12848745064913827,0.1304239839962425,0.1303625067471281,0.13146909723118766,0.13103875648738672,0.13027029087345646,0.13079284749092904,0.13082358611548625,0.13076210886637182,0.13411261894310772,0.1355265956727394,