# R script for Peak Model
#  -- generated by MACS
p <- c(0.023538202876891463,0.02887566384670812,0.03298550879346695,0.037522350617811104,0.042326065490646096,0.04355368151370393,0.044300926049478266,0.044888046756158095,0.045368418243441594,0.04558191668223426,0.04643591043740493,0.04627578660831043,0.04664940887619759,0.04574204051132876,0.045315043633743425,0.04483467214645993,0.044727922927063596,0.044300926049478266,0.04398067839128927,0.0434469322943076,0.04355368151370393,0.0428064369779296,0.0432868084652131,0.04403405300098743,0.0444076752688746,0.044781297536761765,0.0444076752688746,0.0444076752688746,0.04403405300098743,0.04542179285313976,0.045154919804648926,0.04568866590163059,0.045208294414347094,0.04542179285313976,0.044300926049478266,0.0439273037815911,0.044727922927063596,0.044727922927063596,0.04467454831736543,0.04563529129193243,0.04568866590163059,0.04632916121800859,0.045475167462837925,0.04483467214645993,0.04595553895012143,0.045101545194950764,0.045475167462837925,0.04552854207253609,0.04664940887619759,0.04483467214645993,0.04590216434042326,0.045101545194950764,0.04627578660831043,0.04691628192468843,0.04643591043740493,0.047236529582877426,0.04611566277921593,0.04632916121800859,0.045101545194950764,0.04664940887619759,0.04574204051132876,0.04558191668223426,0.045154919804648926,0.045208294414347094,0.04552854207253609,0.04595553895012143,0.04680953270529209,0.047450028021670095,0.04873101865442609,0.047877024899255424,0.048304021776840754,0.04905126631261509,0.04963838701929492,0.050385631555069255,0.050972752261749084,0.05177337140722158,0.050705879213258254,0.050065383896880256,0.05001200928718209,0.050812628432654584,0.05091937765205092,0.050812628432654584,0.05102612687144725,0.050545755384163754,0.04979851084838942,0.04953163779989859,0.050385631555069255,0.050972752261749084,0.05145312374903258,0.05139974913933442,0.05145312374903258,0.05150649835873075,0.05171999679752342,0.05220036828480692,0.05193349523631609,0.05209361906541059,0.05129299991993808,0.05123962531023992,0.05166662218782525,0.05171999679752342,0.05102612687144725,0.05091937765205092,0.05091937765205092,0.05059912999386192,0.050332256945371086,0.04979851084838942,0.050652504603560085,0.05113287609084358,0.04947826319020042,0.04963838701929492,0.05001200928718209,0.050385631555069255,0.050812628432654584,0.05059912999386192,0.05150649835873075,0.05150649835873075,0.05182674601691975,0.05209361906541059,0.05406847962424275,0.05358810813695925,0.05513597181820608,0.05513597181820608,0.05486909876971525,0.05508259720850791,0.055242721037602416,0.05518934642790425,0.055509594086093246,0.055242721037602416,0.05417522884363908,0.05476234955031891,0.053481358917562914,0.053000987430279416,0.053321235088468415,0.052894238210883085,0.053161111259373915,0.053321235088468415,0.05225374289450509,0.052573990552694086,0.05204024445571242,0.05139974913933442,0.05134637452963625,0.05225374289450509,0.05198686984601425,0.05294761282058125,0.052894238210883085,0.053107736649675746,0.05465560033092258,0.05396173040484641,0.05476234955031891,0.05412185423394091,0.05460222572122441,0.05438872728243175,0.05460222572122441,0.05486909876971525,0.056256838621867575,0.05721758159643458,0.05636358784126391,0.05727095620613274,0.05695070854794374,0.05828507379039791,0.058551946838888744,0.058925569106775905,0.05929919137466307,0.05897894371647407,0.05807157535160524,0.05689733393824558,0.05721758159643458,0.05711083237703824,0.05785807691281258,0.05785807691281258,0.058658696058285074,0.05785807691281258,0.058338448400096075,0.06009981052013557,0.06052680739772091,0.061754423420778734,0.061167302714098905,0.0622881695177604,0.06351578554081823,0.0632489124923274,0.06266179178564757,0.06346241093112007,0.0627685410050439,0.06218142029836407,0.06250166795655307,0.0618077980304769,0.0630887886632329,0.06122067732379707,0.06036668356862641,0.061113928104400736,0.06170104881108057,0.06122067732379707,0.060953804275306236,0.0597261882522484,0.05951268981345574,0.0595660644231539,0.058338448400096075,0.05887219449707774,0.059245816764964904,0.058338448400096075,0.058018200741907076,0.05828507379039791,0.05935256598436124,0.06009981052013557,0.05951268981345574,0.0597261882522484,0.05977956286194657,0.05993968669104107,0.05951268981345574,0.06036668356862641,0.05961943903285207,0.058765445277681405,0.05796482613220891,0.058605321448586906,0.058925569106775905,0.05983293747164474,0.060953804275306236,0.061113928104400736,0.0624482933468549,0.0624482933468549,0.06260841717594941,0.0640495316377999,0.0642096554668944,0.0627685410050439,0.0629286648341384,0.06330228710202557,0.06394278241840357,0.06490352539297056,0.06490352539297056,0.06698513517119906,0.06730538282938806,0.06767900509727523,0.06778575431667155,0.06869312268154039,0.06853299885244589,0.06799925275546423,0.06906674494942756,0.06821275119425689,0.06794587814576605,0.06687838595180273,0.06810600197486055,0.06778575431667155,0.06821275119425689,0.06837287502335139,0.06928024338822023,0.07013423714339088,0.06874649729123856,0.06869312268154039,0.06799925275546423,0.06810600197486055,0.06746550665848255,0.06773237970697339,0.06698513517119906,0.06912011955912573,0.06933361799791839,0.06799925275546423,0.06778575431667155,0.06847962424274773,0.06821275119425689,0.06789250353606789,0.06826612580395505,0.06826612580395505,0.07034773558218356,0.06874649729123856,0.06938699260761656,0.07024098636278722,0.07088148167916522,0.07040111019188172,0.07178885004403406,0.07130847855675056,0.07056123402097622,0.07077473245976888,0.06965386565610739,0.06986736409490006,0.06965386565610739,0.07040111019188172,0.07008086253369272,0.07024098636278722,0.07050785941127806,0.07093485628886338,0.07120172933735422,0.07162872621493956,0.07040111019188172,0.07024098636278722,0.07002748792399456,0.06895999573003123,0.06821275119425689,0.06928024338822023,0.06837287502335139,0.06869312268154039,0.06986736409490006,0.06928024338822023,0.07088148167916522,0.07125510394705238,0.07157535160524138,0.07306984067679005,0.07488457740652771,0.07483120279682955,0.07536494889381122,0.07573857116169838,0.07685943796535988,0.07926129540177737,0.08219689893517654,0.0841717594940087,0.08598649622374636,0.0886552267086547,0.09265832243601718,0.09660804355368151,0.10055776467134583,0.10509460649569,0.10872407995516532,0.11096581356248833,0.11331429638920765,0.11496890928985082,0.11795788743294815,0.11998612260147848,0.12035974486936564,0.12174748472151797,0.12137386245363081,0.12217448159910331,0.12148061167302714,0.12244135464759413,0.12260147847668863,0.1237757198900483,0.1244162152064263,0.1247364628646153,0.12382909449974647,0.12516345974220064,0.12628432654586214,0.12462971364521896,0.12532358357129514,0.12516345974220064,0.12521683435189881,0.1256972058391823,0.12591070427797496,0.12612420271676764,0.12895305703077045,0.12836593632409063,0.12868618398227963,0.1306610445411118,0.13044754610231912,0.13028742227322462,0.1306610445411118,0.13023404766352645,0.1306610445411118,0.1303407968829228,0.12975367617624295,0.1279389394465053,0.12847268554348695,0.1277788156174108,0.12884630781137413,0.13023404766352645,0.13039417149262095,0.1305009207120173,0.13028742227322462,0.1325825304902458,0.13359664807451097,0.1350911371460596,0.13471751487817246,0.13530463558485228,0.1354113848042486,0.13519788636545596,0.1350911371460596,0.13743961997277895,0.13781324224066613,0.13599850551092846,0.13487763870726696,0.13770649302126978,0.13797336606976063,0.13861386138613863,0.14016172506738545,0.14069547116436712,0.14283045555229376,0.14251020789410476,0.1427770809425956,0.1443783192335406,0.14507218915961678,0.14267033172319926,0.14475194150142778,0.1456593098662966,0.14491206533052228,0.1438979477462571,0.14347095086867176,0.14592618291478743,0.14752742120573242,0.14843478957060127,0.14752742120573242,0.14875503722879027,0.1480611673027141,0.14688692588935442,0.14688692588935442,0.15083664700701876,0.15137039310400044,0.1493421579354701,0.14859491339969577,0.1467801766699581,