# R script for Peak Model
#  -- generated by MACS
p <- c(0.028619876200844833,0.033015937693559344,0.037290728524405875,0.04259631998113028,0.04732587579398176,0.04659825182277384,0.045597768862362956,0.045749357189697935,0.045173321545825,0.04538554520409398,0.045264274542225987,0.04538554520409398,0.04550681586596196,0.04471855656382005,0.0442637915818151,0.04487014489115503,0.04471855656382005,0.044657921232886054,0.04523395687675899,0.04480950956022104,0.04538554520409398,0.045476498200494965,0.04593126318249992,0.04580999252063193,0.04681047548104282,0.04653761649183985,0.04714396980117978,0.04681047548104282,0.046780157815575825,0.047477464121316745,0.047689687779585724,0.04835667641985965,0.0487811237363976,0.04938747704573753,0.04917525338746856,0.04917525338746856,0.04911461805653456,0.04993319502414347,0.04923588871840255,0.0496603360349405,0.04890239439826559,0.048538582412661624,0.04841731175079364,0.04820508809252466,0.048114135096123674,0.0487811237363976,0.048296041088925656,0.04820508809252466,0.04896302972919958,0.048538582412661624,0.049902877358676476,0.049751289031341496,0.04938747704573753,0.04956938303853951,0.049357159380270535,0.04932684171480354,0.04938747704573753,0.0496603360349405,0.04972097136587449,0.04981192436227549,0.04923588871840255,0.049205571052935555,0.0496906537004075,0.04938747704573753,0.04978160669680849,0.04959970070400651,0.05023637167881344,0.04972097136587449,0.04911461805653456,0.04944811237667153,0.05002414802054446,0.05032732467521443,0.050115101016945454,0.050873042653620366,0.05047891300254941,0.05035764234068143,0.04953906537307252,0.05029700700974743,0.05099431331548836,0.05114590164282334,0.05078208965721938,0.05069113666081839,0.05032732467521443,0.05014541868241245,0.0506305013298844,0.050873042653620366,0.05214638460323423,0.0523586082615032,0.051843207948564264,0.05193416094496525,0.05160066662482829,0.05099431331548836,0.05193416094496525,0.051903843279498256,0.05160066662482829,0.0515400312938943,0.05096399565002136,0.05129748997015832,0.05175225495216327,0.05202511394136624,0.052692102581640164,0.053995762196721024,0.054056397527655016,0.05448084484419297,0.05520846881540089,0.056421175434080754,0.055996728117542804,0.05460211550606096,0.054753703833395936,0.054541480175126965,0.05445052717872597,0.05429893885139099,0.05438989184779198,0.054420209513258974,0.05451116250965997,0.05357131488018307,0.05490529216073092,0.05536005714273587,0.05563291613193884,0.05536005714273587,0.05539037480820287,0.055936092786608806,0.05536005714273587,0.054965927491664915,0.054147350524056004,0.05548132780460386,0.05499624515713191,0.0551175158189999,0.055238786480867885,0.05484465682979693,0.055511645470070856,0.05460211550606096,0.05457179784059396,0.05526910414633488,0.05651212843048174,0.055784504459273826,0.055238786480867885,0.056208951775811776,0.055663233797405835,0.05629990477221277,0.055087198153532906,0.05639085776861376,0.057391340729024645,0.0569062580815527,0.05681530508515171,0.05617863411034478,0.05742165839449164,0.05714879940528867,0.05808864703476557,0.05845245902036953,0.05990770696278537,0.05969548330451639,0.05948325964624741,0.06102946058506425,0.060362471944790316,0.06063533093399329,0.060362471944790316,0.06090818992319626,0.060999142919597245,0.060574695603059295,0.06027151894838933,0.05996834229371936,0.059392306649846426,0.058846588671440485,0.058209917696633556,0.058634365013171506,0.05836150602396854,0.05748229372542564,0.05720943473622267,0.057664199718227616,0.05827055302756755,0.05805832936929858,0.05860404734770451,0.05890722400237448,0.06024120128292233,0.060301836613856324,0.06060501326852629,0.060847554592262265,0.060150248286521345,0.0605443779375923,0.06024120128292233,0.06011993062105434,0.060847554592262265,0.05984707163185138,0.059877389297318374,0.06011993062105434,0.06093850758866325,0.061393272570668206,0.062181531872810114,0.06187835521814015,0.06172676689080517,0.06224216720374411,0.061120413581465236,0.06081723692679527,0.06011993062105434,0.059816753966384376,0.05927103598797844,0.05887690633690748,0.05833118835850154,0.058967859333308476,0.059756118635450384,0.059240718322511446,0.06011993062105434,0.06096882525413025,0.06151454323253619,0.06199962588000814,0.06196930821454114,0.06290915584401803,0.06287883817855104,0.06251502619294708,0.062029943545475134,0.06390963880442893,0.0641218624626979,0.06430376845549989,0.06469789810657084,0.0651223454231088,0.06466758044110384,0.0640915447972309,0.06397027413536292,0.06466758044110384,0.06460694511016984,0.06384900347349494,0.06363677981522596,0.06336392082602299,0.06342455615695698,0.06378836814256093,0.06524361608497678,0.06572869873244873,0.06748712332953453,0.06760839399140252,0.0678206176496715,0.06794188831153948,0.06736585266766654,0.06803284130794048,0.06809347663887447,0.06736585266766654,0.06733553500219955,0.06736585266766654,0.0669414053511286,0.06709299367846357,0.06745680566406753,0.06715362900939757,0.06906364193381835,0.06915459493021935,0.06918491259568635,0.07000348956329525,0.0695487245812903,0.06897268893741737,0.0685785592863464,0.06839665329354443,0.06839665329354443,0.07030666621796522,0.06966999524315828,0.06912427726475234,0.06985190123596027,0.06997317189782826,0.07073111353450318,0.07142841984024409,0.07179223182584805,0.07161032583304608,0.07185286715678205,0.06951840691582331,0.06912427726475234,0.07027634855249822,0.0704885722107672,0.0704582545453002,0.06927586559208733,0.06976094823955928,0.07112524318557413,0.07109492552010713,0.07154969050211207,0.07261080879345697,0.07327779743373089,0.07358097408840085,0.07239858513518799,0.07188318482224905,0.07300493844452792,0.0732171621027969,0.07236826746972098,0.07273207945532495,0.07173159649491406,0.07164064349851307,0.07230763213878699,0.07082206653090416,0.07215604381145202,0.07236826746972098,0.07297462077906092,0.07300493844452792,0.07361129175386785,0.07421764506320778,0.07573352833655762,0.07573352833655762,0.07521812802361867,0.07637019931136454,0.07718877627897346,0.07815894157391735,0.07734036460630844,0.07737068227177543,0.0777041765919124,0.07776481192284639,0.07837116523218632,0.08149388477528698,0.08422247466731668,0.0866782055701434,0.08789091218882328,0.09322682131101469,0.09859304809867309,0.10353482756979354,0.10780961840064007,0.11311520985736448,0.11666237671700308,0.11842080131408889,0.12151320319172255,0.1246359227348232,0.1273038772959189,0.12663688865564499,0.12757673628512187,0.12797086593619283,0.12806181893259383,0.12684911231391396,0.12718260663405093,0.126364029666442,0.12687942997938095,0.126424664997376,0.12678847698297996,0.126606570990178,0.12675815931751297,0.12657625332471098,0.12596990001537106,0.126545935659244,0.12703101830671593,0.12939579621314168,0.12869848990740076,0.1290926195584717,0.12942611387860867,0.12960801987141066,0.12903198422753773,0.12942611387860867,0.13091167948649152,0.13206375077423738,0.13315518673104926,0.13285201007637928,0.1327913747454453,0.1319121624469024,0.13245788042530834,0.13430725801879514,0.13494392899360205,0.13600504728494694,0.1364598122669519,0.13685394191802286,0.13767251888563176,0.1390671314971136,0.13879427250791063,0.1410377797524684,0.14149254473447334,0.14179572138914331,0.14231112170208224,0.1419169920510113,0.1416441330618083,0.14155318006540732,0.1416441330618083,0.14212921570928028,0.14322065166609216,0.1437663696444981,0.14416049929556904,0.14340255765889412,0.14431208762290404,0.14649495953652777,0.14795020747894363,0.14834433713001458,0.14785925448254264,0.14698004218399974,0.14795020747894363,0.14579765323078686,0.14610082988545683,0.1471619481768017,0.14710131284586772,0.14579765323078686,0.14585828856172087,0.14658591253292877,0.1473438541696037,0.14782893681707562,0.14707099518040073,0.1489810081048215,0.15022403238896836,0.1498602204033644,0.14961767907962845,0.14855656078828355,0.14846560779188256,0.14925386709402447,0.1490719611012225,0.1506787973709733,0.1525281749644601,0.15374088158313998,0.15346802259393702,0.15410469356874396,