# R script for Peak Model
#  -- generated by MACS
p <- c(0.01904982967007791,0.02235707256242995,0.02544862570093294,0.028603779664288852,0.03186677850456929,0.03193867508918564,0.03206587673889149,0.0324281249152277,0.03245301219451798,0.03240323763593743,0.03226220971995921,0.03231474953179423,0.03243089016848218,0.032389411369665055,0.03237558510339268,0.03228986225250396,0.03240876814244638,0.032342402064338985,0.032483429980317204,0.032621692643040955,0.03266593669511255,0.0325719180844604,0.03277654682529155,0.032900983221742924,0.03298670607263164,0.033376606781512615,0.033362780515240234,0.03331577120991416,0.033227283105770965,0.03344573811287448,0.03332130171642311,0.03344573811287448,0.03345403387263791,0.03359782704187061,0.03365866261346906,0.03360888805488851,0.03374438546435778,0.03373608970459435,0.03375544647737568,0.03361718381465193,0.03378862951642938,0.033857760847791254,0.03386052610104573,0.0338301083152465,0.033935187938916554,0.0339296574324076,0.03384393458151888,0.03409004212116715,0.03430020136850724,0.03444399453773994,0.03448270808330259,0.03446058605726679,0.034385924219395965,0.034654153785080036,0.03465691903833451,0.03472881562295086,0.034861547779165655,0.03476199866200456,0.034891965564964884,0.034684571570879265,0.034886435058455935,0.03491408759100068,0.03516849089041238,0.035149134117631056,0.035160195130648955,0.03503575873419758,0.03506064601348786,0.03532334507266297,0.0353980069105338,0.03560263565136494,0.03576855084663344,0.03606719819811673,0.035998066866754865,0.03614739054249651,0.03637414130936346,0.03670320644664597,0.036603657329484875,0.036515169225341676,0.036670023407592275,0.036877417401677895,0.03690506993422264,0.0368442343626242,0.03696867075907557,0.03694101822653082,0.036943783479785296,0.03705992411647324,0.03724243083126859,0.03740281552002814,0.03735027570819311,0.037275613870322286,0.037477477357898956,0.037502364637189235,0.037756767936600925,0.0379033263590881,0.0378148382549449,0.037972457690449976,0.0381466686454819,0.038251748269151946,0.038251748269151946,0.03842042871767491,0.03817155592477217,0.03816049491175427,0.03819920845731692,0.03812178136619162,0.03842319397092939,0.038398306691639114,0.03833747112004067,0.038268339788678794,0.03824345250938852,0.03836512365258542,0.03868036252359556,0.03891264379697146,0.03888222601117223,0.038940296329516205,0.039006662407623606,0.03909791576502128,0.039498877486920145,0.03974775027982289,0.039980031553198785,0.040112763709413586,0.040206782320065734,0.040040867124797236,0.04004916288456066,0.04028420941119103,0.04029803567746341,0.04035057548929843,0.04034781023604395,0.04052478644433035,0.04070176265261675,0.040740476198179394,0.04071558891888912,0.04110272437451561,0.04128523108931096,0.041442850524816034,0.041628122492865856,0.04171384534375458,0.0418548732597328,0.04202355370825577,0.04215075535796162,0.04233602732601144,0.04259872638518656,0.042656796703530536,0.0429029042431788,0.04294438304199593,0.04312688975679128,0.04346148540058274,0.04333151849762242,0.043273448179278445,0.04340894558874772,0.043345344763894796,0.04334257951064032,0.04351679046567224,0.04350849470590882,0.043624635342596765,0.04382373357691896,0.04384032509644581,0.044266174097634954,0.04452057739704665,0.044592473981662994,0.044819224748529944,0.04488835607989182,0.045128933113031136,0.04546629401007708,0.04548841603611288,0.04552712958167553,0.04556584312723818,0.04548841603611288,0.0456626269911448,0.04559902616629188,0.04601381415446312,0.04623779966807559,0.046384358090562766,0.04648943771423281,0.04675490202666241,0.0468433901308056,0.047139272229034426,0.04753193819116987,0.04760660002904069,0.04794119567283216,0.04806286681602905,0.04836980992727578,0.04869057930479487,0.048604856453906144,0.04876247588941122,0.048784597915447016,0.04884266823379099,0.04887032076633574,0.04885372924680889,0.04904176646811319,0.04903347070834976,0.04907771476042136,0.04893668684444314,0.04932382230006963,0.049437197683503104,0.04979668060658485,0.04987410769771015,0.050087032198304716,0.05042715834860514,0.05057095151783783,0.0507506929793787,0.05080876329772268,0.050894486148611404,0.0510272183048262,0.051422649520216114,0.05166599180660991,0.051762775670516535,0.051834672255132885,0.05193698662554846,0.05193422137229398,0.052155441632651976,0.05261170841964034,0.05281633716047149,0.053081801472901084,0.05304585318059291,0.05324495141491511,0.053504885220835754,0.0535435987663984,0.053695687695394526,0.05396115200782412,0.05403581384569494,0.053903081689480145,0.05427362562557979,0.05439253151552221,0.05477137121138528,0.05476031019836738,0.0549455821664172,0.05523040325162812,0.05551798959009351,0.05593554283151923,0.0562148334102212,0.05669322222324537,0.056637917158155866,0.05673470102206249,0.05669322222324537,0.05707482717236291,0.057160550023251634,0.057395596549882,0.057672121875329496,0.05775231421970927,0.05803713530492019,0.05801501327888439,0.05839938348125641,0.05849893259841751,0.05873950963155683,0.05909346204812962,0.05936445686706816,0.05967416523156936,0.05967416523156936,0.059812427894293106,0.060019821888378726,0.060252103161754625,0.06038483531796942,0.06077197077359591,0.06068624792270719,0.060531393740456595,0.06071113520199747,0.06081898007892199,0.06124482908011113,0.06144945782094228,0.06158495523041155,0.061974855939292514,0.06230115582332056,0.06253620234995093,0.06306713097481012,0.06361741637245064,0.06381374935351836,0.06414557974405535,0.06440274829672152,0.06461014229080714,0.06502769553223285,0.06517978446122898,0.06534569965649747,0.06560010295590916,0.06609784854171466,0.06616697987307653,0.06655135007544856,0.06690530249202134,0.06714587952516067,0.06767404289676539,0.06768510390978329,0.0680031080340479,0.06823815456067828,0.06855892393819736,0.06867782982813979,0.0689515899003328,0.0692391762387982,0.06957653713584415,0.06981987942223794,0.06994155056543484,0.0704420614044948,0.07094810275006372,0.07160899827788324,0.07184957531102255,0.07204867354534475,0.07227818956546617,0.07254918438440472,0.0727150995796732,0.07303033845068335,0.07345342219861802,0.07359168486134177,0.07385714917377137,0.07426917190868813,0.07475032597496677,0.0755964934708361,0.07619931868031164,0.07705931244245336,0.07797737652293904,0.07837557299158343,0.07918026168863564,0.0795591013844987,0.0801121520353937,0.08035825957504196,0.0806956204720879,0.0810716949146965,0.08140905581174245,0.08173535569577049,0.08178513025435104,0.0824736783147153,0.08277232566619859,0.08344428220703601,0.08380653038337223,0.08434852002124932,0.0850121808023233,0.08530806290055212,0.08565648481061597,0.08603532450647904,0.08626484052660045,0.08661602768991877,0.08656901838459269,0.08660496667690087,0.08676535136566041,0.08705017245087134,0.0874511341727702,0.08751750025087761,0.0879046357065041,0.08825029236331346,0.08881716928048082,0.08901073700829407,0.08956102240593458,0.09031040603789729,0.09076390757163119,0.09147457765803126,0.0916681453858445,0.09217418673141341,0.09292357036337612,0.09306183302609987,0.09352363031959719,0.0939411835610229,0.09441127661428364,0.09470715871251247,0.09529339240246115,0.09560033551370788,0.09558927450068998,0.09581049476104797,0.09605383704744176,0.09693871808887375,0.09710739853739672,0.09759684836343878,0.09811948122853455,0.09853979972321474,0.09865594035990269,0.09913709442618134,0.09992242635045222,0.10054460833270908,0.10056119985223592,0.10074370656703127,0.10111978100963986,0.10119997335401965,0.10131611399070758,0.10196318325225473,0.10251346864989525,0.10240009326646177,0.10270150587119954,0.10323796500256767,0.10404818420612884,0.10438001459666583,0.10460676536353278,0.10507409316353904,0.10548058539194685,0.10554695147005426,0.1061055326274582,0.10681620271385826,0.10743285418960617,0.10777851084641554,0.10794442604168404,0.10848641567956113,0.10913071968785379,0.10991881686537915,0.11075945385473954,0.111094049498531,0.11156414255179174,0.11178259755889526,0.11179365857191316,0.11205359237783381,0.11272278366541674,