# R script for Peak Model
#  -- generated by MACS
p <- c(0.029450072717247935,0.03367609212061984,0.03859544283235744,0.04331669888456199,0.04886334935148761,0.04856620736218802,0.049061444011020666,0.049490649106675624,0.050415090851163226,0.0507782643936405,0.04982080687256406,0.05061318551069629,0.050844295946818184,0.05097635905317356,0.050415090851163226,0.050943343276584716,0.05048112240434091,0.050415090851163226,0.05021699619163017,0.04991985420233058,0.05163667458495042,0.05180175346789463,0.051339532595650834,0.051471595702006205,0.05193381657425,0.05104239060635125,0.051471595702006205,0.05130651681906199,0.05064620128728513,0.05114143793611777,0.04991985420233058,0.04965572798961984,0.0500849330852748,0.05038207507457439,0.05005191730868595,0.05097635905317356,0.050844295946818184,0.04995286997891943,0.050283027744807855,0.04978779109597521,0.05110842215952893,0.05120746948929546,0.05183476924448348,0.05180175346789463,0.05186778502107232,0.051504611478595044,0.051504611478595044,0.052032863904016534,0.052164927010371905,0.05183476924448348,0.05120746948929546,0.05064620128728513,0.049721759542797526,0.04899541245784298,0.04843414425583265,0.04843414425583265,0.04856620736218802,0.04873128624513224,0.04902842823443182,0.04922652289396488,0.04869827046854339,0.04902842823443182,0.048962396681254135,0.04876430202172108,0.04899541245784298,0.0491604913407872,0.0491604913407872,0.049490649106675624,0.04932557022373141,0.050283027744807855,0.05058016973410744,0.0498538226491529,0.04998588575550827,0.05074524861705166,0.05051413818092976,0.050018901532097114,0.05021699619163017,0.050679217063873974,0.05005191730868595,0.048929380904665296,0.048797317798309925,0.0503160435213967,0.050150964638452485,0.04952366488326447,0.04982080687256406,0.050283027744807855,0.04968874376620868,0.04919350711737604,0.04965572798961984,0.050150964638452485,0.0500849330852748,0.048962396681254135,0.04929255444714257,0.05051413818092976,0.05051413818092976,0.050283027744807855,0.05071223284046281,0.05038207507457439,0.0500849330852748,0.050150964638452485,0.050283027744807855,0.05104239060635125,0.05110842215952893,0.050811280170229345,0.05044810662775207,0.050811280170229345,0.0507782643936405,0.050943343276584716,0.050844295946818184,0.050844295946818184,0.05117445371270662,0.05058016973410744,0.04991985420233058,0.049622712213030995,0.05071223284046281,0.050910327499995876,0.05087731172340703,0.051735721914716946,0.05219794278696075,0.05176873769130579,0.05140556414882852,0.051471595702006205,0.05170270613812811,0.05166969036153926,0.051372548372239674,0.05110842215952893,0.05209889545719422,0.05196683235083885,0.052296990116727275,0.05209889545719422,0.052164927010371905,0.05252810055284918,0.05242905322308265,0.05318841608462604,0.05351857385051447,0.0538487316164029,0.053485558073925625,0.053617621180280996,0.053485558073925625,0.05444301559500207,0.054839204914068185,0.05507031535019009,0.055631583552200416,0.05513634690336777,0.05437698404182439,0.05365063695686984,0.05318841608462604,0.05302333720168182,0.054046826275935954,0.05411285782911364,0.05355158962710331,0.05394777894616943,0.05394777894616943,0.05421190515888017,0.05516936267995662,0.055334441562900835,0.05513634690336777,0.055367457339489674,0.05437698404182439,0.053584605403692157,0.053386510744159094,0.05341952652074794,0.0538487316164029,0.053221431861214884,0.05328746341439257,0.054277936712057856,0.05503729957360125,0.05510333112677893,0.05464111025453513,0.05510333112677893,0.05576364665855579,0.055631583552200416,0.05573063088196695,0.05635793063715496,0.05639094641374381,0.05569761510537811,0.05516936267995662,0.054806189137479346,0.056027772871266535,0.05635793063715496,0.05596174131808885,0.05599475709467769,0.055235394233134304,0.0547731733608905,0.054145873605702485,0.05444301559500207,0.05434396826523554,0.05411285782911364,0.05341952652074794,0.05368365273345868,0.05391476316958058,0.05355158962710331,0.05424492093546902,0.054674126031123975,0.05487222069065703,0.05457507870135744,0.055466504669256206,0.05566459932878926,0.05569761510537811,0.05497126802042356,0.0559287255415,0.056423962190332654,0.056556025296688024,0.05731538815823141,0.05685316728598761,0.0569191988391653,0.056556025296688024,0.057480467041175626,0.05705126194552067,0.05685316728598761,0.05625888330738844,0.05569761510537811,0.056126820201033066,0.05582967821173348,0.056787135732809926,0.057216340828464884,0.05728237238164257,0.056820151509398766,0.05771157747729753,0.05886712965790703,0.05837189300907439,0.059362366306739675,0.05913125587061777,0.05916427164720662,0.05863601922178513,0.0589991927642624,0.058834113881318185,0.059098240094028934,0.05969252407262811,0.05896617698767356,0.05890014543449587,0.0583058614558967,0.05827284567930786,0.058437924562252073,0.05827284567930786,0.05777760903047521,0.057348403934820255,0.05711729349869835,0.05652300952009918,0.05665507262645455,0.05711729349869835,0.057348403934820255,0.05751348281776447,0.05685316728598761,0.05741443548799794,0.05810776679636364,0.058834113881318185,0.0587680823281405,0.0589991927642624,0.05972553984921695,0.06064998159370455,0.06170648644454753,0.061904581104080585,0.062300770423146704,0.0629941017315124,0.06282902284856819,0.06276299129539051,0.06282902284856819,0.06302711750810125,0.06296108595492356,0.06309314906127893,0.06279600707197934,0.06259791241244629,0.06302711750810125,0.06213569154020249,0.06312616483786777,0.06352235415693389,0.0641496539121219,0.06441378012483265,0.0651401272097872,0.06378648036964464,0.06302711750810125,0.06352235415693389,0.0630601332846901,0.06378648036964464,0.06385251192282232,0.06335727527398968,0.0625318808592686,0.061904581104080585,0.06193759688066943,0.06286203862515703,0.0630601332846901,0.06296108595492356,0.06335727527398968,0.06358838571011158,0.0629941017315124,0.06434774857165497,0.06553631652885332,0.06665885293287398,0.06616361628404133,0.06593250584791943,0.06642774249675207,0.06688996336899587,0.06665885293287398,0.06639472672016324,0.06596552162450828,0.0662956793903967,0.0648429852204876,0.0636874330398781,0.06474393789072108,0.06834265753890496,0.07445057620784092,0.07999722667476654,0.08854831281127687,0.09412797905479134,0.10300922295719009,0.11080094623215704,0.11988028479408885,0.12641740855867978,0.13440722649317977,0.14008594006646075,0.14299132840627893,0.14649100072469629,0.14777861601166117,0.1496605152772252,0.14923131018157026,0.14890115241568183,0.15008972037288018,0.15329225070199795,0.15375447157424174,0.154546850212374,0.15590049705251655,0.1560985917120496,0.15358939269129754,0.15524018152073968,0.15487700797826243,0.1547119290953182,0.15365542424447523,0.15213669852138845,0.15170749342573348,0.15084908323442356,0.14906623129862606,0.1476465529053058,0.14906623129862606,0.14919829440498142,0.15005670459629133,0.14936337328792562,0.14936337328792562,0.1496274995006364,0.1495614679474587,0.15032083080900208,0.15098114634077894,0.15249987206386573,0.15286304560634298,0.1522687616277438,0.15335828225517564,0.15599954438228308,0.15583446549933885,0.15745223855219218,0.15659382836088226,0.15533922885050622,0.1544808186591963,0.15335828225517564,0.15368844002106408,0.15391955045718597,0.15385351890400828,0.15190558808526655,0.15223574585115499,0.15131130410666738,0.15322621914882026,0.15401859778695248,0.15428272399966325,0.15405161356354133,0.15398558201036366,0.15438177132942976,0.1544147871060186,0.15431573977625207,0.15543827618027276,0.15689097035018185,0.15474494487190704,0.15527319729732852,0.15481097642508473,0.1561646232652273,0.15603256015887193,0.15689097035018185,0.156857954573593,0.15864080650939053,0.1581785856371467,0.15788144364784712,0.1607868319876653,0.16151317907261986,0.1620084157214525,0.16151317907261986,0.163163967902062,0.1627017470298182,0.16336206256159505,0.16138111596626448,0.1617112737321529,0.1624706365936963,0.16190936839168596,0.16250365237028513,0.16372523610407233,0.16422047275290497,0.16412142542313846,0.16587126158234713,0.165475072263281,