# R script for Peak Model
#  -- generated by MACS
p <- c(0.019873465224078606,0.02352045751253984,0.026480335311870697,0.030074472639629594,0.03329862524247213,0.033615755006686156,0.03493712902424457,0.03530711374916093,0.035359968709863264,0.03530711374916093,0.03425001453511419,0.034408579417221204,0.035148548867053916,0.03509569390635158,0.03530711374916093,0.035729953434779624,0.035359968709863264,0.035835663356184294,0.036311358002505324,0.036681342727421684,0.037738441941468415,0.03816128162708711,0.03826699154849179,0.037632732020063744,0.03831984650919412,0.037738441941468415,0.037738441941468415,0.03731560225584972,0.03731560225584972,0.03652277784531467,0.036311358002505324,0.036311358002505324,0.037157037373742714,0.03784415186287309,0.037262747295147385,0.0380027167449801,0.036787052648826354,0.037262747295147385,0.03794986178427776,0.03879554115551515,0.0390069609983245,0.03837270146989646,0.03752702209865907,0.03837270146989646,0.038584121312705805,0.03895410603762216,0.03995835029096656,0.039905495330264225,0.039641220526752535,0.04016977013377591,0.03969407548745488,0.039429800683943195,0.04016977013377591,0.040011205251668895,0.04069831974079927,0.040962594544310955,0.041332579269227315,0.04043404493728759,0.03932409076253852,0.03874268619481282,0.03948265564464553,0.04016977013377591,0.0390069609983245,0.03874268619481282,0.03842555643059879,0.03911267091972917,0.038584121312705805,0.03890125107691982,0.040116915173073565,0.04069831974079927,0.040116915173073565,0.040381189976585255,0.04127972430852497,0.04149114415133432,0.042283968561869376,0.04154399911203666,0.041913983836953016,0.04328821281521377,0.04260109832608339,0.04175541895484601,0.04170256399414367,0.04175541895484601,0.04175541895484601,0.04106830446571563,0.03969407548745488,0.04043404493728759,0.040381189976585255,0.0390069609983245,0.0395883655660502,0.03969407548745488,0.040962594544310955,0.040486899897989925,0.04064546478009694,0.041596854072739,0.04207254871906003,0.04154399911203666,0.04090973958360862,0.04223111360116704,0.04233682352257171,0.04297108305099975,0.041808273915548345,0.041438289190631986,0.04170256399414367,0.04090973958360862,0.04075117470150161,0.03985264036956188,0.04069831974079927,0.03969407548745488,0.03948265564464553,0.03863697627340814,0.03816128162708711,0.03853126635200347,0.03779129690217075,0.039059815959026835,0.039535510605347865,0.040011205251668895,0.039905495330264225,0.040011205251668895,0.04027548005518058,0.04053975485869226,0.041808273915548345,0.04249538840467872,0.04339392273661845,0.04260109832608339,0.04233682352257171,0.042759663208190406,0.04291822809029742,0.04445102195066518,0.045719541007521264,0.04651236541805631,0.0463538005359493,0.045719541007521264,0.04540241124330724,0.04608952573243762,0.04624809061454463,0.04587810588962827,0.04587810588962827,0.04566668604681892,0.043922472343641814,0.044028182265046484,0.04339392273661845,0.04471529675417686,0.04397532730434415,0.044292457068558166,0.044186747147153496,0.044662441793474526,0.04529670132190257,0.044556731872069856,0.04434531202926051,0.044081037225748826,0.044398166989962844,0.043341067775916106,0.04471529675417686,0.04471529675417686,0.04540241124330724,0.04603667077173528,0.045243846361200234,0.04608952573243762,0.04788659439631707,0.04767517455350772,0.04783373943561473,0.04941938825668483,0.04841514400334043,0.04841514400334043,0.04788659439631707,0.04815086919982875,0.04804515927842408,0.04756946463210305,0.04682949518227033,0.047728029514210055,0.04825657912123342,0.04709376998578201,0.0479394493570194,0.04852085392474511,0.04841514400334043,0.04730518982859136,0.0473580447892937,0.04778088447491239,0.04830943408193576,0.04783373943561473,0.04852085392474511,0.0489436936103638,0.04804515927842408,0.0463538005359493,0.046195235653842294,0.04693520510367501,0.048679418806852115,0.04852085392474511,0.04804515927842408,0.048679418806852115,0.047728029514210055,0.0473580447892937,0.047622319592805384,0.04799230431772174,0.04957795313879184,0.04947224321738717,0.04788659439631707,0.048679418806852115,0.04926082337457782,0.04920796841387549,0.05005364778511287,0.05026506762792222,0.0515335866847783,0.05174500652758764,0.05031792258862455,0.04931367833528016,0.04941938825668483,0.04862656384614978,0.04941938825668483,0.04931367833528016,0.04846799896404277,0.04889083864966146,0.04767517455350772,0.048573708885447445,0.049630808099494175,0.05126931188126661,0.05232641109531335,0.05126931188126661,0.05015935770651755,0.0505293424314339,0.05100503707775493,0.050952182117052595,0.05105789203845727,0.05137502180267129,0.050952182117052595,0.05148073172407596,0.05100503707775493,0.05174500652758764,0.051427876763373626,0.05163929660618297,0.05174500652758764,0.05174500652758764,0.0525378309381227,0.05126931188126661,0.052749250780932046,0.05216784621320634,0.05269639582022971,0.052379266056015686,0.053700640073574106,0.053912059916383454,0.05475773928762084,0.054493464484109154,0.0547048843269185,0.05539199881604888,0.05385920495568112,0.05343636527006242,0.053542075191467094,0.054969159130430184,0.054493464484109154,0.054282044641299806,0.054017769837788124,0.05475773928762084,0.054652029366216166,0.05433489960200215,0.055339143855346544,0.055920548423072244,0.056290533147988604,0.05655480795150029,0.056396243069393275,0.056396243069393275,0.05655480795150029,0.057241922440630665,0.05782332700835637,0.0588804262224031,0.05872186134029609,0.05835187661537974,0.05755905220484468,0.05692479267641665,0.05613196826588159,0.055920548423072244,0.05565627361956056,0.05586769346236991,0.05660766291220262,0.05491630416972785,0.05565627361956056,0.05623767818728627,0.05623767818728627,0.05613196826588159,0.05708335755852365,0.057136212519225994,0.05734763236203534,0.056396243069393275,0.055022014091132526,0.057294777401333,0.05644909803009562,0.056766227794309634,0.057241922440630665,0.05792903692976104,0.05750619724414235,0.05861615141889142,0.05972610559364049,0.05925041094731946,0.059620395672235815,0.06014894527925919,0.061311754414710595,0.061787449061031625,0.06152317425751994,0.061311754414710595,0.06273883835367368,0.062368853628757326,0.06480018182106481,0.07209416639798728,0.07838390672156535,0.08245373869564528,0.08837349429430699,0.09455752469648039,0.10238005888042623,0.10914549385032532,0.11680946315216414,0.12442057749330063,0.1291246689958086,0.13007605828845067,0.13256024144146047,0.13610152380851706,0.13578439404430304,0.13694720317975442,0.13974851609697828,0.14112274507523903,0.1424969740534998,0.1422326992499881,0.14191556948577408,0.14286695877841615,0.1426555389356068,0.1409113252324297,0.14402976791386757,0.14408262287456988,0.1426555389356068,0.1430783786212255,0.14122845499664372,0.1432369435033325,0.14418833279597457,0.14355407326754652,0.1445054625601886,0.14614396634196103,0.1446640274422956,0.14624967626336569,0.14577398161704466,0.1465668060275797,0.14979095863042227,0.14963239374831525,0.14979095863042227,0.15216943186202742,0.15380793564379985,0.1535965158009905,0.1544421951722279,0.15423077532941853,0.15454790509363256,0.15470646997573959,0.15222228682272976,0.1517465921764087,0.15285654635115778,0.15238085170483676,0.15179944713711105,0.15380793564379985,0.15338509595818114,0.15280369139045547,0.15507645470065592,0.15481217989714424,0.15623926383610734,0.1583534622642008,0.1576134928143681,0.1596219813210569,0.15925199659614053,0.15888201187122417,0.16131334006353165,0.1625290041596854,0.16326897360951811,0.1639560880986485,0.16575315676252794,0.16332182857022046,0.16416750794145785,0.16363895833443448,0.16173617974915036,0.16363895833443448,0.16274042400249475,0.16448463770567187,0.16358610337373214,0.16564744684112329,0.16342753849162514,0.16596457660533728,0.16585886668393263,0.16533031707690926,0.1685544696797518,0.1678145002299191,0.16892445440466816,0.16749737046570506,0.1675502254264074,0.16691596589797936,0.1678673551906214,0.16876588952256114,0.17024582842222657,0.17262430165383172,0.17246573677172472,0.171567202439785,