# R script for Peak Model
#  -- generated by MACS
p <- c(0.01942246528996327,0.022699053810981484,0.02617884162012486,0.029446963504137856,0.032613485744088275,0.032875951491249944,0.03267275220312478,0.03296061786130209,0.03302835095734381,0.033129950601406395,0.03308761741638032,0.032977551135312526,0.032613485744088275,0.032579619196067416,0.0330791507793751,0.03296061786130209,0.033138417238411606,0.032748951936171715,0.03282515166921865,0.03320615033445333,0.03325695015648462,0.03331621661552112,0.03335008316354198,0.03333314988953155,0.0330791507793751,0.03340934962257849,0.03345168280760456,0.03339241634856806,0.033155350512422035,0.03267275220312478,0.03255421928505177,0.03270661875114564,0.032748951936171715,0.03282515166921865,0.03305375086835946,0.03264735229210914,0.03278281848419258,0.033290816704505476,0.033434749533594134,0.03351941590364629,0.03346014944460978,0.033587148999688,0.03389194793187574,0.03383268147283924,0.03337548307455763,0.03378188165080795,0.03432374641914171,0.034095147220000906,0.03425601332309999,0.034239080049089564,0.03452694570726687,0.03446767924823037,0.034637011988334666,0.03483174463945461,0.03513654357164235,0.034806344728438965,0.034399946152188644,0.03434914633015736,0.03445074597421994,0.03439147951518343,0.034264479960105204,0.03417134695304784,0.03408668058299569,0.03419674686406349,0.034366079604167786,0.03456927889229295,0.034637011988334666,0.03483174463945461,0.0345438789812773,0.034628545351329455,0.03490794437250155,0.035195810030678856,0.03498414410554848,0.03504341056458499,0.03500954401656413,0.03484021127645983,0.03468781181036596,0.034653945262345096,0.03507727711260585,0.035356676133777944,0.03526354312672058,0.03512807693463714,0.03569534161398655,0.03569534161398655,0.035602208606929184,0.03590700753911692,0.03590700753911692,0.036169473286278585,0.036008607183179504,0.03599167390916907,0.0361186734642473,0.03597474063515864,0.03553447551088746,0.03537360940778837,0.03495874419453284,0.03525507648971536,0.03548367568885617,0.03555140878489789,0.03552600887388224,0.035915474176122134,0.03590700753911692,0.036415005759429825,0.03672827132862278,0.0370754034458366,0.03754106848112342,0.037380202378024335,0.03733786919299826,0.03732093591898783,0.03742253556305041,0.03692300397974273,0.03706693680883138,0.03688913743172186,0.0366266716845602,0.03649120549247676,0.03666053823258106,0.036694404780601916,0.03677907115065407,0.036838337609690575,0.036846804246695786,0.03677907115065407,0.03663513832156541,0.036956870527763586,0.03716853645289396,0.03762573485117557,0.037642668125186005,0.03754106848112342,0.03743946883706084,0.037380202378024335,0.037524135207112994,0.0377527344062538,0.03799826687940503,0.03769346794721729,0.037930533783363314,0.03797286696838939,0.03817606625651455,0.03829459917458756,0.03851473173672315,0.039022729957036054,0.03937832871125508,0.039683127643442825,0.039716994191463684,0.03964926109542196,0.04000485984964099,0.03988632693156798,0.04016572595274008,0.040224992411776586,0.04080919036513642,0.040241925685787015,0.0402334590487818,0.04061445771401648,0.040792257091125994,0.041105522660318944,0.0410208562902668,0.041063189475292874,0.041469588051543195,0.042028386093887385,0.041486521325553624,0.041757453709720505,0.04168125397667357,0.04156272105860056,0.041638920791647493,0.041892919901803945,0.04170665388768921,0.041757453709720505,0.041063189475292874,0.04052132470695911,0.04058905780300083,0.0405721245289904,0.04090232337219379,0.040783790454120776,0.04113092257133459,0.041376455044485824,0.0418675199907883,0.0418675199907883,0.042587184136231575,0.04332378155568528,0.04356931402883652,0.043780979953966896,0.043679380309904314,0.043662447035893885,0.04365398039888867,0.04376404667995647,0.0435608473918313,0.04392491278305555,0.04362011385086781,0.04365398039888867,0.04411117879717028,0.04444984427737888,0.04430591144829023,0.044644576928498825,0.044373644544331944,0.0445175773734206,0.04432284472230066,0.04422971171524329,0.04459377710646754,0.0447969763945927,0.044627643654488396,0.04494090922368135,0.045719839828161135,0.04593150575329151,0.04631250441852619,0.046532636980661776,0.047066035111990326,0.047353900770167635,0.04698136874193817,0.046693503083760864,0.04684590254985473,0.04676123617980258,0.046414104062588765,0.046659636535740005,0.04680356936482866,0.046541103617666994,0.04698983537894339,0.04704063520097468,0.047768765983423174,0.04787036562748575,0.04787036562748575,0.04800583181956919,0.04851383003988209,0.048446096943840375,0.04886096215709591,0.0494197601994401,0.04882709560907505,0.0485730964989186,0.0487424292390229,0.04893716189014285,0.04918269436329408,0.049445160110455744,0.049402826925429674,0.04978382559066435,0.04991929178274779,0.04959755957654962,0.050215624077930315,0.05073208893524843,0.05051195637311284,0.05066435583920671,0.05074902220925886,0.051036887867436175,0.051214687244545684,0.05114695414850397,0.05142635316967606,0.051883551567957674,0.05208675085608283,0.05245081624730708,0.05264554889842703,0.053119680570719065,0.05333134649584944,0.05288261473457305,0.05316201375574514,0.05383087807915713,0.053983277545251,0.053924011086214495,0.05360227888001633,0.05382241144215191,0.0542626765664231,0.0544320093065274,0.054999273985876805,0.05565967167228358,0.05618460316660691,0.05591367078244003,0.0560660702485339,0.05643013563975814,0.05714979978520142,0.05743766544337873,0.05714979978520142,0.05712439987418577,0.05712439987418577,0.05736993234733701,0.05714979978520142,0.05725986606626921,0.0577001311905404,0.058284329143900235,0.05881772727522878,0.05893626019330179,0.05958819124270335,0.06016392255905797,0.06046872149124571,0.060765053786428234,0.0611375858146577,0.061992716152184414,0.06192498305614269,0.06178105022705404,0.06165405067197581,0.06218744880330436,0.06283937985270592,0.06306797905184672,0.06332197816200318,0.0631695786959093,0.06346591099109183,0.06365217700520656,0.06367757691622221,0.06433797460262898,0.06481210627492101,0.06523543812518177,0.06526083803619741,0.06565876997544252,0.06557410360539037,0.06614136828473978,0.06669169969007875,0.06645463385393273,0.06694569880023521,0.06775002931573063,0.06795322860385579,0.06799556178888187,0.06889302531143465,0.06962962273088837,0.07149228287203567,0.07262681223073449,0.07361740876034464,0.07515833669529377,0.07632673260201345,0.07663153153420119,0.07741046213868097,0.07779146080391565,0.0783248589352442,0.07863812450443715,0.0782740591132129,0.07840105866829113,0.07809625973610339,0.0787735906965206,0.07904452308068748,0.07941705510891693,0.07957792121201603,0.08048385137157403,0.0805854510156366,0.08079711694076698,0.0811950488800121,0.08133898170910074,0.0823295782387109,0.08221951195764311,0.08257511071186215,0.08241424460876305,0.08316777530222719,0.08325244167227934,0.08327784158329499,0.08397210581772262,0.08475950305920761,0.08529290119053616,0.0851997681834788,0.08506430199139536,0.08517436827246315,0.086664496385381,0.08675762939243836,0.08756195990793379,0.08851868988952309,0.08851022325251787,0.08859488962257002,0.08911982111689336,0.08994108490639921,0.09065228241483728,0.0913973464712962,0.09062688250382163,0.09086394833996765,0.09058454931879556,0.0906692156888477,0.0913380800122597,0.09096554798403023,0.09097401462103545,0.09062688250382163,0.09105868099108759,0.0913380800122597,0.0919053446916091,0.09221014362379684,0.09273507511812017,0.09332773970848522,0.09375107155874597,0.09489406755445,0.09524966630866903,0.09566453152192457,0.09568993143294022,0.0959608638171071,0.09632492920833134,0.09723085936788935,0.09802672324637957,0.0979928566983587,0.09824685580851515,0.09899191986497408,0.09920358579010445,0.10019418231971461,0.10101544610922046,0.101430311322476,0.10151497769252815,0.10135411158942907,0.10176051016567939,0.1024463077631018,0.10281883979133126,0.10262410714021132,0.10325063827859723,0.10336917119667025,0.10347923747773803,0.10408883534211352,0.10496936559065588,0.10590916229823474,0.10634096078550072,0.10699289183490227,