# R script for Peak Model
#  -- generated by MACS
p <- c(0.01820783414364692,0.021296194648868214,0.024474507401814404,0.02756661591735757,0.03066247244322261,0.030849872959316134,0.03101478541347844,0.030988549341225344,0.03111972970249081,0.0312733981256875,0.03118719388828448,0.031134721743778293,0.031145965774743906,0.031363350373412396,0.03140832649727484,0.03144955461081542,0.03136709838373426,0.031213429960537574,0.03110473766120333,0.031168453836675127,0.031423318538562325,0.03153575884821844,0.0313371143011593,0.03104102148573153,0.030988549341225344,0.03111972970249081,0.03118719388828448,0.031464546652102895,0.03166693920948391,0.03169692329205887,0.03141957052824045,0.031509522775965346,0.03183934768428995,0.03218041662358016,0.032450273366754843,0.03221040070615513,0.03233408504677686,0.03226662086098318,0.03225537683001758,0.03229285693323628,0.032555217655767216,0.032570209697054694,0.03266016194477959,0.032491501480295414,0.03234907708806434,0.032716382099607644,0.032701390058320165,0.03276885424411383,0.03271263408928578,0.0328363184299075,0.032911278636344916,0.03305370302857599,0.033218615482738294,0.03356343243235038,0.03362714860782218,0.033567180442672255,0.03372834488651268,0.03370585682458146,0.03404692576387168,0.03400944566065297,0.03421933423867772,0.03407316183612477,0.03393073744389369,0.0340694138258029,0.034283050414149516,0.034421726796058726,0.03443297082702434,0.0345903872605429,0.03458289123989916,0.03481151986953326,0.03481151986953326,0.035017660437236135,0.03513384875721412,0.03490896813790189,0.03501391242691427,0.03498767635466117,0.03510011666431729,0.035347485345560745,0.0352125569739734,0.03519381692236405,0.035280021159767076,0.035426193562320026,0.03535872937652636,0.03536247738684822,0.03537746942813571,0.03564732617131038,0.03562109009905729,0.035459925655216856,0.03562483810937916,0.03564732617131038,0.035744774439679015,0.03607459934800362,0.036381936194397,0.03656184068984679,0.03643440833890319,0.03629198394667211,0.03633696007053456,0.03644940038019067,0.03656184068984679,0.03673424916465283,0.03682794942269959,0.03647563645244376,0.03635570012214391,0.03637069216343139,0.036797965340124625,0.03714278228973671,0.0374875992393488,0.037749959961879735,0.037896132364432684,0.037974840581191965,0.03816224109728549,0.038529546108828805,0.038675718511381754,0.0389493232648783,0.039046771533246934,0.03908799964678751,0.0392416680699842,0.03910299168807499,0.039245416080306066,0.039451556648008944,0.03946654868929643,0.039676437267321174,0.039747649463436716,0.03987508181438031,0.04011495447498003,0.04000626217564578,0.039965034062105206,0.04041854331105154,0.04053098362070765,0.0406396759200419,0.04081583240516981,0.04075586424001988,0.0408420684774229,0.04051599157942017,0.040542227651673264,0.04089079261160722,0.041044461034803914,0.04092077669418218,0.04105945307609139,0.0411606493547819,0.041156901344460026,0.04148297824246276,0.041572930490187655,0.04188026733658103,0.04173409493402808,0.04163289865533758,0.04170785886177499,0.042063919842352686,0.042097651935249523,0.041745338964993696,0.04179406309917801,0.041779071057890534,0.04225132035844621,0.042626121390633265,0.04273106567964564,0.043135850794407654,0.043413203558226074,0.04330451125889183,0.04366057223946952,0.04407285337487528,0.04412532551938147,0.04432771807676247,0.044174049653565785,0.044346458128371825,0.044638802933477724,0.04479996737731816,0.04489741564568679,0.04518601244047082,0.045081068151458445,0.045410893059783054,0.046025566752569816,0.04593561450484492,0.04610802297965096,0.04612301502093845,0.04609677894868535,0.04596559858741989,0.04587939435001687,0.04596559858741989,0.04639287176411312,0.04646033594990679,0.04627668344413514,0.04652030411505672,0.04675268075501269,0.04698880540529053,0.04728864623104018,0.047217434034924635,0.04743107062327125,0.04733362235490262,0.047371102458121324,0.047753399510952116,0.047944548037367515,0.04807947640895485,0.04837931723470449,0.048461773461785644,0.04880284240107586,0.04931631981517212,0.04969486885768104,0.05012589004469615,0.05019335423048982,0.05027955846789284,0.05046321097366449,0.050766799809736,0.05086799608842651,0.05106664063548565,0.051160340893532406,0.051287773244476004,0.05123904911029169,0.051373977481879024,0.05163259019408809,0.05158761407022564,0.05176002254503169,0.051790006627606654,0.05208235143271255,0.0523934362894278,0.05259582884680881,0.05277948135258047,0.0530043619718927,0.053311698818286075,0.05363402770596694,0.05411377302716636,0.05429367752261615,0.05451481013160651,0.05450731411096277,0.05439112579098478,0.054488574059353416,0.05444734594581284,0.05470595865802191,0.05455978625546896,0.05440611783227227,0.0543124175742255,0.054454841966456585,0.05458602232772205,0.05486337509154047,0.05521194005147442,0.05547055276368349,0.05591656599198608,0.05598777818810162,0.05659495586024464,0.056857316582775576,0.057082197202087806,0.05733331389365313,0.05753570645103414,0.05757318655425284,0.057816807225174426,0.05768187885358709,0.05771935895680579,0.05816912019543025,0.05803044381352104,0.05828530851540824,0.05835652071152378,0.058682597609526516,0.05874256577467644,0.05904240660042608,0.05930476732295702,0.059649584272569105,0.059889456933168814,0.06006561341829673,0.06024926592406839,0.060702775173014714,0.061118804318742344,0.06112255232906421,0.06162478571219486,0.06206330291985371,0.062157003177900474,0.062415615890109535,0.06266673258167486,0.06306027366547126,0.06339759459443961,0.06370118343051112,0.06412096058656061,0.06442454942263212,0.06450700564971328,0.06435708523683846,0.06475062632063486,0.06512917536314378,0.0654065281269622,0.06556394456048076,0.06544775624050278,0.06560517267402134,0.06575884109721802,0.06636601876936105,0.06676330786347932,0.06711562083373515,0.06738172956658796,0.06757287809300336,0.06822128387868695,0.06844241648767731,0.06917327850044205,0.06898587798434853,0.06937941906814493,0.0694094031507199,0.07008029699833472,0.07047009007180925,0.07095733141365242,0.07126841627036767,0.07117471601232091,0.07170693347802652,0.07227663104695084,0.07292878484295631,0.07319114556548724,0.07365964685572106,0.07371211900022724,0.07408317202209243,0.07434553274462335,0.07524880323219416,0.07600215330689013,0.07636571030811155,0.07705534420733573,0.07781993831299731,0.07835215577870293,0.07929290636949242,0.08022241292931631,0.08121188765429012,0.08190526956383616,0.08233254274052941,0.08319458511455963,0.08349067792998739,0.08380551079702452,0.08426651606661459,0.08466005715041099,0.08472752133620466,0.08483996164586077,0.0850273621619543,0.08513230645096667,0.0859418766804907,0.08593812867016883,0.08672521083776163,0.08712999595252366,0.08775216566595416,0.08853175181290322,0.08933007801146164,0.08970862705397056,0.09023334849903243,0.09055942539703517,0.09038326891190725,0.09093797443954409,0.091432711802031,0.09160137226651517,0.09170631655552754,0.09158638022522768,0.09159012823554956,0.09188622105097732,0.09214108575286452,0.09261708306374207,0.09279323954886999,0.0930331122094697,0.09314930052944768,0.09354658962356596,0.09388016254221243,0.09442737204920552,0.09522569824776395,0.09574667168250395,0.0962226689933815,0.0967061623249028,0.09729834795575834,0.09763566888472668,0.097886785576292,0.09819412242268538,0.09880879611547215,0.0991835971476592,0.09907115683800309,0.09932976955021215,0.09954715414888064,0.09982075890237718,0.10016557585198928,0.10067155724544179,0.10126374287629733,0.10203583300260266,0.10223072953933993,0.10268798679860812,0.10302905573789833,0.10320146421270439,0.10350130503845402,0.10415720684478136,0.10455074792857777,0.10482435268207431,0.10498176911559287,0.10526286988973316,0.105701387097392,0.10602746399539474,0.10672834192558453,0.1074067317938431,0.10790521716665187,0.10795394130083619,0.10848241075621992,0.10882347969551014,0.10938193323346884,0.10957308175988424,0.11018025943202726,0.11049884030938625,0.1110910259402418,0.1114733229930726,0.1118781081078346,0.11251526986255259,