# R script for Peak Model
#  -- generated by MACS
p <- c(0.02644072272931546,0.03100471399444471,0.03538614560896879,0.0402239763500058,0.045092233699477,0.04494010065730602,0.04545735300068734,0.04545735300068734,0.045639912651292504,0.04594417873563446,0.04615716499467382,0.04603545856093704,0.04637015125371319,0.045852898910331875,0.04524436674164797,0.04503138048260861,0.04451412813922729,0.04451412813922729,0.04442284831392471,0.04442284831392471,0.045092233699477,0.04518351352477958,0.045731192476595094,0.046187591603108015,0.04643100447058158,0.047222096289870646,0.04792190828385713,0.0487130001031462,0.048013188109159714,0.04786105506698874,0.047130816464568064,0.04786105506698874,0.047252522898304845,0.047648068807949376,0.04831745419350167,0.04804361471759391,0.047222096289870646,0.04700911003083128,0.04783062845855455,0.04786105506698874,0.04837830741037006,0.047191669681436454,0.04706996324769967,0.04682655038022611,0.047130816464568064,0.04679612377179192,0.047252522898304845,0.04682655038022611,0.04694825681396289,0.04697868342239709,0.04679612377179192,0.04731337611517323,0.04746550915734421,0.04746550915734421,0.04603545856093704,0.04652228429588416,0.04633972464527899,0.04655271090431836,0.04655271090431836,0.04697868342239709,0.046674417338055135,0.0468874035970945,0.047130816464568064,0.047130816464568064,0.04770892202481777,0.04795233489229133,0.04837830741037006,0.049078119404356545,0.049473665314001075,0.048986839579053955,0.049047692795922346,0.049047692795922346,0.04868257349471201,0.04792190828385713,0.049017266187488154,0.04880427992844879,0.04926067905496171,0.048652146886277815,0.047587215591080985,0.04834788080193586,0.04883470653688298,0.049078119404356545,0.050477743392329515,0.0517556609465657,0.051177555386316,0.051360115036921165,0.05075158286823727,0.05084286269353985,0.05129926182005278,0.05212078024777604,0.052759739024894135,0.05269888580802575,0.05196864720560507,0.05157310129596053,0.05075158286823727,0.050903715910408244,0.051390541645355364,0.05129926182005278,0.05172523433813151,0.05132968842848697,0.050934142518842436,0.05154267468752634,0.051177555386316,0.05105584895257922,0.051999073814039266,0.051451394862223755,0.0505690232176321,0.050538596609197906,0.05062987643450049,0.04923025244652752,0.049534518530869466,0.0493519588802643,0.049899637832079805,0.05075158286823727,0.05017347730798756,0.050873289301974045,0.05224248668151282,0.052911872067065116,0.05269888580802575,0.054189789621301304,0.053702963886354184,0.05400722997069613,0.05394637675382774,0.05364211066948579,0.054220216229735496,0.05440277588034067,0.054189789621301304,0.05437234927190648,0.05428106944660389,0.05446362909720906,0.05498088144059037,0.05495045483215618,0.0548287483984194,0.055102587874327154,0.056045812735787195,0.05574154665144525,0.0554372805671033,0.05528514752493233,0.05641093203699754,0.0554068539586691,0.05492002822372198,0.05446362909720906,0.05428106944660389,0.05348997762731482,0.05345955101888062,0.05336827119357804,0.053337844585143845,0.05306400510923609,0.05312485832610448,0.053276991368275455,0.05406808318756452,0.05443320248877486,0.05504173465745876,0.05586325308518203,0.0548287483984194,0.05507216126589296,0.05546770717553749,0.056076239344221394,0.0554068539586691,0.05577197325987945,0.05552856039240588,0.05495045483215618,0.055133014482761346,0.05531557413336652,0.05644135864543173,0.056015386127353003,0.0566543449044711,0.05686733116351046,0.05680647794664207,0.0572324504647208,0.05720202385628661,0.058084395500878266,0.056989037597247244,0.05695861098881305,0.05686733116351046,0.057901835850273094,0.0578714092418389,0.057536716549062755,0.05927103322981187,0.059818712181627376,0.06021425809127191,0.06051852417561387,0.0621311344226262,0.062222414247928785,0.061796441729850056,0.06161388207924488,0.06134004260333713,0.061796441729850056,0.06112705634429776,0.0609140700852584,0.06246582711540234,0.06155302886237649,0.061735588512981665,0.06103577651899518,0.06121833616960035,0.0609140700852584,0.0609140700852584,0.06121833616960035,0.06012297826596933,0.06006212504910094,0.059484019488851236,0.059818712181627376,0.05963615253102221,0.060883643476824206,0.06060980400091645,0.06112705634429776,0.06045767095874548,0.06009255165753513,0.06097492330212679,0.0609140700852584,0.059818712181627376,0.06021425809127191,0.06015340487440352,0.059788285573193184,0.060883643476824206,0.06115748295273196,0.06246582711540234,0.06277009319974429,0.06225284085636298,0.06261796015757332,0.06283094641661269,0.06301350606721785,0.06292222624191526,0.063348198759994,0.06359161162746756,0.06340905197686239,0.0638958777118095,0.06416971718771726,0.06468696953109858,0.06438270344675663,0.06511294204917731,0.06502166222387472,0.06526507509134828,0.06620829995280833,0.0657823274347296,0.0669993917720974,0.06623872656124252,0.06605616691063736,0.06614744673593995,0.06620829995280833,0.06593446047690057,0.06648213942871609,0.0663908596034135,0.0652042218744799,0.06572147421786122,0.06374374466963853,0.06538678152508506,0.06602574030220316,0.06672555229618965,0.06757749733234711,0.06815560289259681,0.06785133680825486,0.06922053418779364,0.06937266722996462,0.06925096079622783,0.07071143800106919,0.06870328184441232,0.0676079239407813,0.06757749733234711,0.06779048359138647,0.06766877715764968,0.06748621750704452,0.0663908596034135,0.06663427247088706,0.0669689651636632,0.06724280463957095,0.06864242862754392,0.06922053418779364,0.06915968097092524,0.0688554148865833,0.06915968097092524,0.06958565348900397,0.06958565348900397,0.06934224062153041,0.06903797453718846,0.06879456166971491,0.06906840114562265,0.06988991957334592,0.06970735992274076,0.06976821313960914,0.06931181401309622,0.07022461226612207,0.07062015817576661,0.07159380964566085,0.07135039677818729,0.07150252982035826,0.07226319503121313,0.07229362163964734,0.07284130059146283,0.07351068597701513,0.07396708510352806,0.07335855293484415,0.0724153280733841,0.0724153280733841,0.07344983276014674,0.0736628190191861,0.0731455666758048,0.07354111258544932,0.07448433744690937,0.07570140178427717,0.07707059916381595,0.07929174157951219,0.08248653546510266,0.08403829249524661,0.08568132935069313,0.09024532061582238,0.09264902268212379,0.09666533499543753,0.09937330314608088,0.10338961545939462,0.10646270291124832,0.10935323071249685,0.11142224008602211,0.11309570354990284,0.11562111204994102,0.11552983222463843,0.11683817638730881,0.11671646995357204,0.11772054803190048,0.1175379883812953,0.11790310768250564,0.11772054803190048,0.11762926820659789,0.11826822698371599,0.11674689656200624,0.11629049743549331,0.11665561673670365,0.11619921761019072,0.1156819652668094,0.11519513953186229,0.11595580474271716,0.11592537813428297,0.11714244247165077,0.11762926820659789,0.12051979600784642,0.1224366723392007,0.12380586971873947,0.12468824136333113,0.125601039616357,0.12687895717059317,0.12642255804408026,0.126696397519988,0.12587487909226475,0.12745706273084287,0.126696397519988,0.12627042500190927,0.12462738814646274,0.12554018639948858,0.12715279664650092,0.12700066360432996,0.12745706273084287,0.1286741270682107,0.13013460427305204,0.13010417766461785,0.13089526948390692,0.13183849434536696,0.13311641189960313,0.13478987536348386,0.13421176980323415,0.1346377423213129,0.13378579728515544,0.13311641189960313,0.13305555868273475,0.13396835693576062,0.13360323763455026,0.1334206779839451,0.13433347623697095,0.13247745312248504,0.13293385224899798,0.132781719206827,0.1346073157128787,0.1358243800502465,0.13588523326711488,0.13494200840565485,0.1359460864839833,0.1350637148393916,0.13503328823095742,0.13494200840565485,0.13415091658636577,0.13424219641166837,0.13366409085141864,0.13363366424298445,0.13500286162252323,0.13606779291772006,0.136372059002062,0.13783253620690336,0.13798466924907435,0.13917130697800795,0.1406926373997177,0.14108818330936224,0.14236610086359844,0.14355273859253204,0.14349188537566365,0.1437657248515714,0.14449596345399207,0.1437961514600056,0.14489150936363662,