# R script for Peak Model
#  -- generated by MACS
p <- c(0.027024093637996655,0.031219169545700108,0.035633755239271765,0.03999956098042826,0.04448731660262265,0.043926347149848353,0.043511717554319526,0.04326781779224374,0.04317025788741343,0.043365377697074055,0.043901957173640774,0.04382878724501804,0.0438775671974332,0.04380439726881046,0.0438775671974332,0.043926347149848353,0.043926347149848353,0.044219026864339296,0.04434097674537719,0.04417024691192414,0.044048297030886245,0.04463365645986812,0.04453609655503781,0.04519462591264242,0.04524340586505758,0.04558486553196368,0.045414135698510626,0.04468243641228328,0.04424341684054687,0.044584876507452964,0.044731216364698435,0.04534096576988789,0.04568242543679399,0.045414135698510626,0.04551169560334094,0.045267795841265154,0.04626778486577586,0.047316553842701725,0.04773118343823056,0.04821898296238212,0.04777996339064571,0.04726777389028657,0.04756045360477751,0.04743850372373962,0.04777996339064571,0.047999473176513915,0.047170213985456254,0.04709704405683352,0.04782874334306087,0.04721899393787141,0.04704826410441837,0.04617022496094555,0.045365355746095466,0.045292185817472734,0.04504828605539695,0.044901946198151486,0.04563364548437883,0.04582876529403945,0.04497511612677422,0.045292185817472734,0.0455604755557561,0.04685314429475774,0.04756045360477751,0.04775557341443813,0.04741411374753204,0.04777996339064571,0.047316553842701725,0.04653607460405922,0.04692631422338048,0.047340943818909305,0.047975083200306336,0.047975083200306336,0.0482433729385897,0.04848727270066548,0.04875556243894884,0.048170203009966966,0.04807264310513665,0.04912141208206251,0.04892629227240189,0.048536052653080634,0.04836532281962759,0.04807264310513665,0.047462893699947196,0.04721899393787141,0.04782874334306087,0.04877995241515642,0.04914580205827009,0.04834093284342001,0.04919458201068525,0.04948726172517619,0.0495848216300065,0.050072621154158066,0.050462860773479314,0.05099944025004604,0.0507067605355551,0.05077993046417783,0.051145780107291504,0.05138967986936729,0.051170170083499084,0.05107261017866877,0.0509262703214233,0.05087749036900815,0.05107261017866877,0.05134089991695213,0.05153601972661276,0.05119456005970666,0.05160918965523549,0.05246283882250073,0.052536008751123464,0.05351160779942659,0.053828677490125106,0.053731117585294794,0.0541701371570312,0.054023797299785736,0.05434086699048425,0.0541701371570312,0.05358477772804933,0.05302380827527503,0.053145758156312915,0.05287746841802956,0.052511618774915884,0.052511618774915884,0.05297502832285987,0.05243844884629315,0.05231649896525526,0.05258478870353862,0.05341404789459628,0.05358477772804933,0.05368233763287964,0.05351160779942659,0.0541701371570312,0.05475549658601308,0.05363355768046448,0.05446281687152214,0.05434086699048425,0.055121346229126754,0.05492622641946613,0.05565792570569347,0.05543841591982527,0.0552920760625798,0.055901825467769256,0.055926215443976836,0.05675547463503449,0.056438404944335975,0.05675547463503449,0.055755485610523785,0.05482866651463582,0.054560376776352455,0.055096956252919174,0.05597499539639199,0.055218906133957066,0.05492622641946613,0.05480427653842824,0.05499939634808886,0.055072566276711594,0.056462794920543555,0.05673108465882692,0.05653596484916629,0.056511574872958714,0.05568231568190105,0.05668230470641176,0.05682864456365723,0.05756034384988457,0.05758473382609215,0.05756034384988457,0.05758473382609215,0.058462772969564966,0.05875545268405591,0.059048132398546845,0.06009690137547271,0.059901781565812086,0.060243241232718174,0.06048714099479396,0.061072500423775836,0.060974940518945524,0.060389581089963645,0.06075543073307732,0.06075543073307732,0.06126762023343646,0.061121280376190995,0.06080421068549248,0.06087738061411521,0.060292021185133333,0.061121280376190995,0.061682249828965294,0.062291999234154745,0.062340779186569904,0.06273101880589116,0.06302369852038209,0.06341393813970335,0.06375539780660944,0.06451148706904436,0.06434075723559132,0.06287735866313662,0.06297491856796694,0.06297491856796694,0.062682238853476,0.0629017486393442,0.06214565937690928,0.061633469876550134,0.061755419757588026,0.06082860066170005,0.06185297966241834,0.06282857871072146,0.06299930854417451,0.06258467894864568,0.06302369852038209,0.06287735866313662,0.06358466797315639,0.0643651472117989,0.0649261166645732,0.06614561547495211,0.06541391618872476,0.06497489661698835,0.06507245652181866,0.06556025604597022,0.06526757633147928,0.06609683552253695,0.06619439542736726,0.06558464602217781,0.06626756535599,0.06441392716421405,0.06497489661698835,0.06597488564149906,0.06614561547495211,0.06670658492772641,0.06709682454704766,0.06716999447567039,0.06731633433291585,0.06756023409499164,0.06675536488014155,0.06797486369052047,0.06773096392844469,0.06777974388085985,0.06797486369052047,0.06758462407119922,0.06797486369052047,0.0673895042615386,0.06729194435670828,0.06775535390465226,0.06799925366672804,0.06865778302433266,0.06968216202505094,0.06958460212022063,0.06936509233435242,0.06941387228676758,0.06965777204884337,0.07087727085922228,0.07168214007407236,0.07177969997890267,0.07056020116852375,0.0701699615492025,0.06999923171574945,0.07004801166816461,0.06977972192988126,0.06999923171574945,0.07053581119231618,0.06965777204884337,0.0685114431670872,0.06831632335742656,0.06919436250089939,0.06980411190608883,0.07024313147782524,0.07038947133507072,0.07102361071646775,0.07204798971718603,0.07212115964580877,0.07343821836101799,0.07395040786137713,0.07385284795654681,0.07512112671934089,0.0744382073855287,0.07434064748069838,0.07514551669554846,0.07590160595798338,0.07568209617211519,0.07531624652900151,0.07404796776620745,0.07363333817067862,0.07380406800413167,0.07324309855135737,0.07475527707622721,0.07580404605315308,0.0750967367431333,0.07492600690968027,0.07516990667175605,0.07497478686209541,0.07582843602936065,0.07699915488732441,0.07729183460181535,0.07819426372149574,0.07719427469698503,0.07634062552971979,0.07702354486353198,0.07736500453043808,0.07773085417355176,0.07819426372149574,0.0782430436739109,0.07875523317427004,0.08068204129466872,0.08158447041434912,0.08434053772580545,0.08560881648859951,0.0877551343948664,0.08938926280077414,0.09236483989809868,0.09602333632923542,0.09946232297450394,0.1016330308569784,0.10363300890599982,0.10502323754983177,0.10504762752603934,0.10675492586056982,0.10760857502783507,0.10921831345753522,0.10843783421889272,0.10916953350512007,0.1089012437668367,0.10948660319581859,0.10902319364787459,0.10897441369545945,0.11029147241066867,0.11199877074519914,0.11236462038831281,0.11373045905593719,0.11429142850871149,0.11329143948420078,0.11387679891318266,0.11426703853250392,0.1152914175332222,0.11616945667669501,0.11624262660531774,0.11504751777114641,0.11490117791390095,0.11409630869905087,0.11436459843733422,0.11434020846112665,0.11392557886559782,0.11438898841354181,0.11414508865146603,0.11565726717633587,0.11577921705737376,0.11699871586775266,0.11799870489226338,0.1177548051301876,0.1187547941546983,0.1209986719657955,0.12180354118064558,0.12136452160890918,0.12216939082375926,0.12146208151373948,0.12151086146615464,0.12148647148994707,0.12197427101409862,0.12294987006240175,0.12265719034791081,0.12197427101409862,0.1225596304430805,0.12304742996723207,0.1239010791344973,0.125364477706952,0.1268278762794067,0.12743762568459616,0.12753518558942645,0.12690104620802942,0.12763274549425677,0.12831566482806897,0.12897419418567357,0.13004735313880703,0.1288278543284281,0.12902297413808872,0.12887663428084326,0.12892541423325843,0.1288278543284281,0.1299497932339767,0.12980345337673124,0.1299497932339767,0.12992540325776913,0.1290717540905039,0.13082783237744952,0.13068149252020406,0.13121807199677077,0.13168148154471476,0.13214489109265873,0.13204733118782844,0.13299854025992397,0.13341316985545282,0.134559498737209,0.1364375269051925,0.13536436795205906,0.13546192785688937,0.13648630685760765,0.13648630685760765,0.13816921521593056,0.1374619059059108,0.138144825239723,