# R script for Peak Model
#  -- generated by MACS
p <- c(0.027763242713499545,0.03216878721594109,0.03653276997779356,0.04097987622082418,0.045717914647978294,0.04609197031327993,0.04646602597858157,0.045925723350923646,0.045884161610334574,0.04542698246385479,0.04596728509151272,0.04646602597858157,0.04692320512506135,0.047006328606239496,0.046590711200348786,0.0464244642379925,0.04675695816270507,0.04708945208741764,0.046549149459759714,0.04638290249740343,0.045717914647978294,0.044637309392662444,0.044637309392662444,0.044637309392662444,0.045219173760909434,0.04563479116680015,0.04563479116680015,0.046175093794458076,0.04605040857269086,0.045717914647978294,0.045510105945032936,0.046175093794458076,0.045219173760909434,0.045759476388567366,0.04609197031327993,0.045884161610334574,0.045717914647978294,0.04542698246385479,0.045510105945032936,0.04625821727563622,0.046715396422116,0.04667383468152693,0.04854411300803513,0.04754663123389742,0.047671316455664636,0.047671316455664636,0.04779600167743185,0.04817005734273349,0.048294742564500705,0.04846098952685699,0.04779600167743185,0.04862723648921327,0.047920686899199066,0.04821161908332256,0.04821161908332256,0.04846098952685699,0.048336304305089776,0.048336304305089776,0.04850255126744606,0.047879125158609995,0.04812849560214442,0.04775443993684278,0.04750506949330835,0.04758819297448649,0.047255699049773926,0.04779600167743185,0.04779600167743185,0.04754663123389742,0.04713101382800671,0.04846098952685699,0.04904285389510399,0.049624718263350985,0.04941690956040563,0.04950003304158377,0.049167539116871196,0.04941690956040563,0.05024814437218705,0.05012345915041984,0.05099625570279033,0.05049751481572148,0.05049751481572148,0.04958315652276191,0.050455953075132405,0.05124562614632476,0.05270028706694225,0.05186905225516082,0.05186905225516082,0.05170280529280454,0.051120940924557545,0.0510378174433794,0.05099625570279033,0.05137031136809197,0.05058063829689962,0.050663761778077764,0.04933378607922748,0.05058063829689962,0.05033126785336519,0.050040335669241695,0.05058063829689962,0.05116250266514662,0.0513287496275029,0.051494996589859184,0.05228466966105154,0.05232623140164061,0.05419650972814881,0.052991219251065744,0.05307434273224389,0.05403026276579253,0.05403026276579253,0.05332371317577832,0.05344839839754553,0.053905577544025314,0.053282151435189246,0.05307434273224389,0.05211842269869525,0.05357308361931274,0.0537808923222581,0.05353152187872367,0.05440431843109417,0.05444588017168324,0.05481993583698488,0.05448744191227231,0.054736812355806734,0.05448744191227231,0.053905577544025314,0.05290809576988761,0.05290809576988761,0.05332371317577832,0.05311590447283296,0.053905577544025314,0.05398870102520346,0.054362756690505096,0.0553602384646428,0.055858979351711656,0.056898022866438434,0.0575214489752745,0.05727207853174008,0.05727207853174008,0.05723051679115101,0.05731364027232915,0.05777081941880893,0.05806175160293243,0.058227998565288715,0.0581033133435215,0.05764613419704172,0.05743832549409636,0.057563010715863575,0.057396763753507295,0.058269560305877786,0.05772925767821986,0.05698114634761658,0.05631615849819144,0.055651170648766304,0.05598366457347887,0.05669021416349308,0.05685646112584936,0.056898022866438434,0.05702270808820565,0.05590054109230073,0.05631615849819144,0.057147393309972865,0.05772925767821986,0.05731364027232915,0.05639928197936958,0.0562330350170133,0.05664865242290401,0.056773337644671226,0.057812381159398005,0.05814487508411057,0.058394245527645,0.05905923337707014,0.05880986293353571,0.058976109895892,0.05984890644826249,0.05951641252354992,0.058976109895892,0.05843580726823407,0.056898022866438434,0.05656552894172587,0.056773337644671226,0.056066788054657014,0.05602522631406794,0.05698114634761658,0.057563010715863575,0.05831112204646686,0.05880986293353571,0.059724221226495275,0.06092951170357834,0.06184386999653791,0.06192699347771605,0.06122044388770184,0.06225948740242862,0.06196855521830512,0.0624257343647849,0.0624257343647849,0.06292447525185375,0.06321540743597726,0.06383883354481332,0.06383883354481332,0.06379727180422425,0.06404664224775868,0.06408820398834775,0.06471163009718382,0.06462850661600568,0.0642960126912931,0.06367258658245704,0.06371414832304612,0.0627166665489084,0.06279979003008654,0.06279979003008654,0.06338165439833354,0.06275822828949747,0.06292447525185375,0.06217636392125048,0.061428252590647194,0.06192699347771605,0.06138669085005812,0.06192699347771605,0.061262005628290914,0.06184386999653791,0.06155293781241441,0.0627166665489084,0.06267510480831934,0.06446225965364939,0.06504412402189638,0.06512724750307453,0.06437913617247125,0.06462850661600568,0.06421288921011496,0.06392195702599146,0.06491943880012917,0.06500256228130731,0.06550130316837617,0.06487787705954011,0.06537661794660896,0.0640050805071696,0.06496100054071824,0.06504412402189638,0.06654034668310295,0.06803656934430952,0.06857687197196743,0.06799500760372044,0.06724689627311715,0.06753782845724066,0.06782876064136416,0.06969903896787236,0.07069652074201006,0.07011465637376307,0.07028090333611936,0.06903405111844722,0.06845218675020022,0.0687846806749128,0.06986528593022864,0.06849374849078929,0.06874311893432372,0.06924185982139258,0.06932498330257073,0.0707796442231882,0.07040558855788658,0.07019777985494122,0.07069652074201006,0.07019777985494122,0.06899248937785815,0.06961591548669421,0.07061339726083192,0.07011465637376307,0.07044715029847563,0.07065495900142099,0.07119526162907892,0.07206805818144942,0.07206805818144942,0.07335647213971062,0.07373052780501227,0.07389677476736854,0.07323178691794341,0.07356428084265598,0.07377208954560133,0.07273304603087455,0.07181868773791499,0.07198493470027127,0.07090432944495542,0.07069652074201006,0.07161087903496963,0.07244211384675106,0.07264992254969642,0.07335647213971062,0.07364740432383413,0.07510206524445161,0.07593330005623304,0.07564236787210954,0.07697234357095982,0.07693078183037075,0.07618267049976746,0.07580861483446583,0.07560080613152047,0.07497738002268439,0.0746864478385609,0.07452020087620462,0.07518518872562975,0.07589173831564397,0.07697234357095982,0.0798816654121948,0.08270786377225163,0.08603280301937732,0.08885900137943417,0.09289049021657407,0.09875069563963311,0.10340561058560908,0.10702148201685828,0.11242450829343753,0.11608194146527578,0.11940688071240148,0.12302275214365067,0.12568270354135122,0.12780235231139386,0.13021293326556,0.12884139582612064,0.13012980978438185,0.13154290896441026,0.1301713715249709,0.13303913162561684,0.13258195247913704,0.13328850206915124,0.1327897611820824,0.1336625577344529,0.13445223080564525,0.1368212500192223,0.1366965647974551,0.1359484534668518,0.13823434919925073,0.13790185527453816,0.1403124362287043,0.13981369534163543,0.14052024493164963,0.14018775100693706,0.13952276315751194,0.1392733927139775,0.13964744837927914,0.14076961537518407,0.1388162135674977,0.13731999090629116,0.1344937925462343,0.13387036643739825,0.1355328360609611,0.13736155264688024,0.13686281175981138,0.13578220650449552,0.13648875609450972,0.1374031143874693,0.1398552570822245,0.13981369534163543,0.14139304148402013,0.14180865888991084,0.14060336841282778,0.1409774240781294,0.1410189858187185,0.14276457892345948,0.14342956677288463,0.14480110421232398,0.14438548680643326,0.14638045035470867,0.14617264165176333,0.14712856168531196,0.14999632178595787,0.14841697564357317,0.15049506267302673,0.15099380356009556,0.15124317400363,0.14995476004536878,0.15124317400363,0.14983007482360158,0.14995476004536878,0.15020413048890321,0.14866634608710758,0.1497885130830125,0.15061974789479393,0.14941445741771087,0.15032881571067044,0.1515341061877535,0.15099380356009556,0.15236534099953492,0.1538200019201524,0.15431874280722127,0.15564871850607154,0.1555655950248934,0.15494216891605733,0.15623058287431854,0.15618902113372948,0.1568540089831546,0.15697869420492183,0.15722806464845626,0.15718650290786718,0.1574774350919907,0.15822554642259395,0.1596386456026224,0.15851647860671747,0.1573111881296344,